0	0.367981	0.3444233	1.723443	0	0.0185547	-0.008134944	-0.7633623	-0.04175508	0
0.02	0.3160729	0.2761335	1.236021	0	-0.01429536	-0.00166621	-7.135499	-0.01122072	-1.968464
0.04	0.1935397	0.2761335	0.4068821	0	-0.04672427	0.1858907	-12.24826	-0.8967167	-1.77347
0.06	0.3417101	0.4127131	0.9691513	0	-0.178685	0.1274314	-11.55042	-4.515038	-1.149572
0.08	0.3305838	0.3444233	0.7161642	0	-0.3736315	-0.1151025	-10.39489	-7.522671	-1.967444
0.1	0.5007201	0.4127131	1.378459	0	-0.6502804	-0.5052462	-4.575283	-4.041755	-1.942072
0.12	0.3919623	0.4127131	0.5091795	0	-0.7010515	-0.5676141	-6.359324	-5.247861	-2.862937
0.14	0.2038607	0.3444233	-0.6821496	0	-0.6722332	-0.418933	-7.41437	-4.057022	-2.151538
0.16	0.2608556	0.3444233	-0.4982851	0	-0.727439	-0.5240217	-1.739249	-2.973053	-0.9405559
0.18	0.3015986	0.3444233	-0.4015858	0	-0.7162517	-0.6559229	1.838156	-4.637175	-1.061033
0.2	0.2144775	0.2761335	-0.9246818	0	-0.6250834	-0.6168075	2.624885	-1.110457	-1.08825
0.22	0.4605078	0.4127131	0.2771031	0	-0.618594	-0.7302219	7.372253	0.1109167	-0.4277375
0.24	0.3253794	0.2761335	-0.4809422	0	-0.5416231	-0.7215254	5.478013	-0.2096941	-1.619077
0.26	0.3987747	0.3444233	-0.1306116	0	-0.4984086	-0.6614627	6.777925	0.2941229	-0.8051186
0.28	0.4716915	0.3444233	0.2208091	0	-0.5094041	-0.7516456	8.121557	-0.118091	-1.12413
0.3	0.3549725	0.2761335	-0.4004709	0	-0.4518969	-0.6720524	6.073691	0.08038235	-1.501674
0.32	0.4495108	0.3444233	0.08830786	0	-0.4533533	-0.6684861	7.637104	0.00404646	-0.8489291
0.34	0.4722456	0.3444233	0.1808168	0	-0.4495179	-0.7047175	7.196894	0.03458082	-1.349125
0.36	0.4687908	0.3444233	0.1352156	0	-0.4516799	-0.6932008	6.420853	0.03458082	-1.487046
0.38	0.3944318	0.2761335	-0.2366009	0	-0.4720787	-0.6924548	6.280674	-0.01122072	-1.492357
0.4	0.4375183	0.3444233	-0.02536762	0	-0.4580065	-0.6637865	6.58091	0.06511518	-1.121807
0.42	0.4690603	0.3444233	0.1232001	0	-0.4727868	-0.7063541	6.808518	0.06511518	-1.347882
0.44	0.468146	0.3444233	0.09367692	0	-0.4828562	-0.7170969	6.344141	-0.04175508	-1.540663
0.46	0.4134468	0.2761335	-0.172934	0	-0.5260425	-0.7613709	7.002761	-0.04175508	-1.56047
0.48	0.359155	0.2761335	-0.4413455	0	-0.4964529	-0.7054475	6.753948	0.01931364	-1.301913
0.5	0.3314424	0.2761335	-0.5568572	0	-0.4409011	-0.6274969	6.493121	0.01931364	-0.9939029
0.52	0.3645527	0.2761335	-0.3373389	0	-0.4251145	-0.636469	7.5174	0.049848	-0.8193123
0.54	0.3672886	0.2761335	-0.289152	0	-0.3912819	-0.6210629	7.1057	-0.0264879	-1.004126
0.56	0.4028751	0.2761335	-0.06463987	0	-0.4032536	-0.653483	7.661829	0.01931364	-1.035564
0.58	0.5048698	0.3444233	0.453053	0	-0.4313437	-0.7176231	7.928571	-0.0264879	-1.275058
0.6	0.481225	0.3444233	0.2821517	0	-0.4305427	-0.691823	5.389468	-0.07228944	-1.883739
0.62	0.3180436	0.2078438	-0.5269657	0	-0.4699881	-0.6589026	4.501956	-0.0264879	-1.815627
0.64	0.3372666	0.2761335	-0.4016433	0	-0.4623407	-0.6110042	5.484785	-0.4234346	-1.001274
0.66	0.3250974	0.2761335	-0.449265	0	-0.4217085	-0.5774486	4.963432	0.1261839	-1.100265
0.68	0.4484992	0.3444233	0.1864803	0	-0.4415255	-0.6350425	6.135013	0.2635885	-1.028686
0.7	0.4440453	0.2761335	0.1676185	0	-0.5172912	-0.7727022	6.764196	-0.1333582	-1.722844
0.72	0.3959981	0.2761335	-0.09914529	0	-0.5286577	-0.7571754	5.97375	-0.08755662	-1.776146
0.74	0.3536986	0.2761335	-0.3282173	0	-0.5099728	-0.6929945	5.227083	0.01931364	-1.543839
0.76	0.3576362	0.2761335	-0.2993726	0	-0.5099907	-0.6860267	5.713789	0.01931364	-1.315005
0.78	0.3395634	0.2761335	-0.390035	0	-0.4807265	-0.6509346	5.176713	-0.05702226	-1.340228
0.8	0.3968	0.3444233	-0.1187999	0	-0.4412675	-0.5948535	4.352157	0.09564911	-1.239239
0.82	0.3955052	0.2761335	-0.1078786	0	-0.500484	-0.6860855	5.155041	0.03458082	-1.544741
0.84	0.351211	0.2761335	-0.341025	0	-0.4956239	-0.6603616	4.35615	-0.05702226	-1.600639
0.86	0.4300928	0.3444233	0.04325804	0	-0.5087981	-0.6725529	4.847648	-0.01122072	-1.381379
0.88	0.3582653	0.2761335	-0.3386696	0	-0.5188267	-0.6800466	3.810259	0.03458082	-1.823269
0.9	0.3861946	0.2761335	-0.178441	0	-0.5786897	-0.7501733	5.751991	0.01931364	-1.467651
0.92	0.3298235	0.2761335	-0.4866207	0	-0.5392288	-0.699517	4.504978	-0.0264879	-1.649901
0.94	0.3455424	0.2761335	-0.3918027	0	-0.5410513	-0.6957309	5.318145	0.00404646	-1.33065
0.96	0.4020498	0.3444233	-0.1317843	0	-0.5052072	-0.665885	4.59807	0.01931364	-1.416776
0.98	0.3587103	0.2761335	-0.3522743	0	-0.5208967	-0.6809813	4.099516	0.01931364	-1.713268
1	0.4252998	0.3444233	-0.03152472	0	-0.5352482	-0.6899233	4.411381	0.03458082	-1.517097
1.02	0.415129	0.3444233	-0.1286302	0	-0.5340153	-0.679781	3.012303	0.00404646	-1.896567
1.04	0.3448307	0.2761335	-0.4901129	0	-0.5680972	-0.6846221	2.894479	-0.05702226	-1.866857
1.06	0.4000001	0.3444233	-0.2271632	0	-0.580546	-0.6926959	3.666865	0.01931364	-1.523446
1.08	0.4102039	0.3444233	-0.2105067	0	-0.5898919	-0.720451	3.378402	-0.04175508	-1.821017
1.1	0.3694393	0.3444233	-0.4635426	0	-0.5621244	-0.6525893	1.802945	0.049848	-1.886707
1.12	0.4640723	0.4127131	-0.02364516	0	-0.5857334	-0.6730156	2.364107	-0.0264879	-1.661791
1.14	0.2800023	0.2761335	-0.9856786	0	-0.5670629	-0.6140555	0.03100288	-0.0264879	-2.183848
1.16	0.4408937	0.4127131	-0.1714075	0	-0.6010243	-0.6441489	2.677096	0.09564911	-1.203771
1.18	0.3698405	0.3444233	-0.5731491	0	-0.5907836	-0.6662704	1.154157	-0.2707628	-2.064342
1.2	0.3294373	0.2761335	-0.7461312	0	-0.6492673	-0.7241696	3.102912	-0.98832	-1.690814
1.22	0.1873802	0.2761335	-1.474357	0	-0.5146275	-0.5142974	0.2658563	0.01931364	-1.497704
1.24	0.3933919	0.3444233	-0.3468994	0	-0.5736474	-0.6473411	5.127889	0.2330541	-0.6577247
1.26	0.3675898	0.2761335	-0.4584373	0	-0.5918086	-0.7736106	5.163217	-0.07228944	-1.782763
1.28	0.3365177	0.2761335	-0.6018787	0	-0.5749698	-0.7340727	4.648834	0.3551912	-1.684243
1.3	0.1963176	0.2761335	-1.323931	0	-0.4168204	-0.4522859	0.09678006	0.1261839	-1.532604
1.32	0.4071461	0.2761335	-0.1213822	0	-0.5740287	-0.7083454	6.744546	0.2941229	-0.7330838
1.34	0.3893988	0.2761335	-0.2166848	0	-0.5802063	-0.8084155	5.677927	-0.3623658	-1.967118
1.36	0.3833736	0.3444233	-0.2958599	0	-0.5189109	-0.6674662	2.732983	0.171985	-1.920338
1.38	0.4031831	0.2761335	-0.1682414	0	-0.6208615	-0.7836703	4.452109	0.09564911	-1.89813
1.4	0.3504784	0.2761335	-0.4547564	0	-0.6315485	-0.7824626	3.641076	-0.2707628	-2.093943
1.42	0.2938091	0.3444233	-0.8036225	0	-0.514863	-0.5530956	-0.1227858	0.09564911	-1.836784
1.44	0.3338911	0.2761335	-0.5480245	0	-0.5989425	-0.6574042	2.56383	-0.3623658	-1.487872
1.46	0.3405093	0.2761335	-0.5007523	0	-0.6360155	-0.7486295	3.600453	0.1109167	-1.761546
1.48	0.4056527	0.3444233	-0.1991443	0	-0.6400999	-0.7713275	3.69839	-0.1944269	-1.825611
1.5	0.2902172	0.2761335	-0.8179195	0	-0.602056	-0.688337	1.266203	-0.1944269	-2.183921
1.52	0.3090884	0.2761335	-0.6929835	0	-0.631541	-0.6975064	2.842777	0.1872526	-1.566486
1.54	0.4894811	0.4127131	0.1860907	0	-0.6589137	-0.7931427	4.121212	-0.05702226	-1.683114
1.56	0.3178097	0.2761335	-0.7399915	0	-0.644474	-0.7539829	0.8704084	-0.1028238	-2.667912
1.58	0.3261289	0.2761335	-0.6728817	0	-0.7020343	-0.7723632	3.044128	0.09564911	-1.773762
1.6	0.3025921	0.2761335	-0.792262	0	-0.6904337	-0.7834135	3.361788	-0.5150374	-1.838863
1.62	0.330338	0.2761335	-0.6326374	0	-0.7018766	-0.8267099	4.780836	0.09564911	-1.695593
1.64	0.3728344	0.3444233	-0.4508272	0	-0.6486116	-0.7786057	3.690104	0.00404646	-1.841107
1.66	0.3171301	0.2761335	-0.7345631	0	-0.6408967	-0.7542095	2.786784	0.049848	-2.047002
1.68	0.4084461	0.3444233	-0.2727648	0	-0.6663064	-0.787945	3.831216	-0.01122072	-1.768591
1.7	0.4538492	0.4127131	-0.1196701	0	-0.6392271	-0.7546137	1.577495	-0.04175508	-2.284207
1.72	0.3654631	0.3444233	-0.6207438	0	-0.6468106	-0.6955445	-0.7037528	0.049848	-2.543991
1.74	0.3183209	0.2761335	-0.8361176	0	-0.7309673	-0.7603649	1.167515	-0.1028238	-2.109356
1.76	0.3523863	0.3444233	-0.6806639	0	-0.7308297	-0.7752112	1.94766	-0.0264879	-1.902028
1.78	0.3665686	0.3444233	-0.6325202	0	-0.7313337	-0.7998038	2.130215	-0.28603	-2.066163
1.8	0.3334334	0.3444233	-0.8351063	0	-0.693336	-0.7368599	0.8584219	-0.2249612	-2.135688
1.82	0.4037438	0.4127131	-0.5162704	0	-0.6743804	-0.6996099	0.4885254	0.00404646	-1.93968
1.84	1.309154	1.300479	3.640694	0	-0.5707896	-0.6149091	-4.527218	0.4162603	-2.311352
1.86	0.120511	0.002975464	-2.489845	0	-0.8758242	-0.7953422	-14.42049	0.2025198	-7.151363
1.88	0.6378165	0.6858721	0.1063323	0	-1.094077	-0.8188252	-2.022458	-0.5303046	-1.100046
1.9	0.08962031	0.3444233	-2.847782	0	-0.8956903	-0.6358954	-10.297	-9.965419	-3.808948
1.92	0.3368088	0.002975464	-1.181124	0	-1.532791	-1.649436	17.12404	-1.156259	-0.6910114
1.94	1.465161	1.300479	4.059162	0	-1.269974	-1.788723	16.3536	-6.102823	-2.147
1.96	0.2785589	0.4127131	-2.444137	0	-0.845487	-0.9720124	-12.43655	3.729237	-7.89231
1.98	2.025229	1.573638	6.205335	0	-1.467261	-1.660785	10.55925	-3.034122	-1.434092
2	1.272869	1.915086	0.9722977	0	-0.4462636	-0.01906991	-46.52812	-10.91198	-10.99661
2.02	2.13384	1.915086	4.875546	0	-1.509274	-0.757454	-31.67127	3.652901	-6.62696
2.04	1.841002	2.256536	2.140498	0	-1.575513	-0.5187709	-55.9196	-11.09519	-11.8034
2.06	2.048909	2.597983	2.062795	0	-1.961151	-0.3671399	-63.02254	-22.66771	-10.20076
2.08	3.037651	3.280881	5.759623	0	-2.758804	-1.287734	-56.98517	-17.95015	-11.2542
2.1	3.592036	3.554038	6.886512	0	-3.749729	-2.556648	-55.77974	-21.47687	-16.5652
2.12	3.365185	3.895488	3.612501	0	-4.108487	-2.44467	-74.70806	-16.60664	-19.57001
2.14	3.104954	3.554038	0.6996548	0	-5.018122	-3.095133	-65.59484	-25.62954	-17.88643
2.16	3.117309	3.827197	-0.8404894	0	-5.459785	-3.561984	-55.12222	-33.29366	-16.0451
2.18	4.276715	4.510095	3.438263	0	-6.151958	-4.898601	-29.58147	-34.88145	-15.17716
2.2	4.095996	4.168647	0.787441	0	-6.605326	-5.894073	-23.90193	-19.75168	-20.51789
2.22	3.498669	3.827197	-3.636832	0	-6.747492	-5.978113	-16.40918	-2.88145	-18.68381
2.24	3.229967	3.827197	-6.039408	0	-6.469957	-5.713217	-5.113912	-0.652442	-14.36063
2.26	3.169254	3.827197	-7.077495	0	-5.918671	-5.382893	4.48073	-8.469235	-11.54943
2.28	3.634662	3.895488	-5.119288	0	-5.608303	-5.613955	21.40116	-19.62954	-9.889138
2.3	5.468856	5.19299	3.310901	0	-5.388387	-6.162666	31.06107	-12.28603	-11.43278
2.32	5.492185	5.466149	1.846387	0	-4.724312	-5.312124	-9.210358	16.33992	-20.67617
2.34	4.909286	4.783254	-1.992678	0	-5.094633	-4.969702	-21.78303	23.21015	-20.48629
2.36	3.477356	3.827197	-9.557862	0	-5.3349	-4.619514	-23.0409	13.54603	-17.5776
2.38	2.877509	3.554038	-12.31877	0	-5.264144	-4.402026	-3.217309	-7.110457	-9.787656
2.4	2.122261	2.597983	-15.19885	0	-5.117541	-4.857031	26.90378	-20.04175	-6.014966
2.42	2.880976	2.939431	-10.26816	0	-4.739305	-5.498108	63.56279	-14.01122	-1.412804
2.44	2.237891	2.597983	-12.77486	0	-3.337761	-4.47472	50.47298	12.73687	-4.920859
2.46	4.393675	4.168647	-1.206899	0	-2.598912	-4.047236	57.11213	22.47733	-0.9137588
2.48	3.276754	2.597983	-6.22305	0	-2.441116	-4.129617	32.65716	29.28649	-12.56283
2.5	2.967813	2.324824	-6.675328	0	-2.734308	-4.004762	39.48503	33.62236	-7.567617
2.52	2.061279	1.915086	-10.23434	0	-2.379423	-3.379483	31.67771	34.30939	-6.84768
2.54	1.461001	1.641927	-11.95901	0	-1.82484	-2.46943	29.79757	-2.133358	-2.504523
2.56	1.899784	1.36877	-7.9745	0	-2.068646	-3.301997	57.37225	10.00405	0.3549361
2.58	1.140053	0.9590311	-10.48763	0	-1.407127	-2.817729	47.12503	9.271221	-2.787102
2.6	1.71068	1.641927	-6.373594	0	-0.7000973	-1.884172	41.16463	25.39336	0.794066
2.62	1.868757	1.300479	-4.346828	0	-0.6770402	-2.069351	36.42309	18.81321	-2.791498
2.64	0.6269661	-0.06531429	-9.048606	0	-1.032692	-2.367886	36.94663	22.29412	-4.768443
2.66	1.152842	0.6858721	-5.020306	0	-0.9828331	-2.260819	47.43798	15.16435	0.6149611
2.68	0.1736935	0.2761335	-9.015676	0	-0.1435827	-1.072492	19.64882	3.149084	-2.952864
2.7	0.6288892	0.002975464	-5.034131	0	-0.6391006	-1.69776	42.59599	6.599466	1.762118
2.72	-0.9163153	-0.6799221	-11.67996	0	0.1919693	-0.5201882	16.08599	1.332291	-1.783328
2.74	0.3658458	0.2761335	-3.744721	0	0.3180314	-0.2967606	31.06125	8.41626	6.003239
2.76	-2.083687	-1.704267	-14.70679	0	1.002902	0.6773381	0.3875165	5.729238	-1.578866
2.78	-0.5883187	-0.9530802	-4.940553	0	0.4463399	-0.1317587	46.31772	14.17198	10.80621
2.8	-2.297249	-1.704267	-12.39976	0	1.761783	1.26874	6.089987	8.446794	1.82817
2.82	-0.1025696	-0.6799221	0.5360873	0	1.202336	0.3619407	42.80231	16.11092	10.62303
2.84	-3.560574	-2.728612	-15.94126	0	2.629752	2.527589	-23.43229	12.40099	-2.309912
2.86	-1.960722	-2.045715	-5.369452	0	1.919975	2.022043	28.32714	23.83611	15.65293
2.88	-2.750032	-1.704267	-8.524467	0	3.528004	3.73506	-21.6917	6.752138	5.971883
2.9	-0.5791817	-2.387164	4.889122	0	1.013421	-0.2025185	56.11045	-0.1944269	9.897804
2.92	-1.385731	-2.045715	1.022367	0	1.344387	-0.2141036	18.76019	14.92008	-4.026736
2.94	-1.433712	-2.660322	1.763537	0	0.2605033	-1.089486	36.23022	16.04985	-0.530478
2.96	-4.972947	-3.684668	-15.79546	0	2.121226	2.541883	-30.37411	-2.118091	-1.49663
2.98	-2.299381	-2.318874	-0.4128359	0	1.491303	1.765397	32.3313	-26.88145	17.90618
3	-4.269073	-3.34322	-9.843163	0	2.991414	3.128075	-19.55182	-11.99595	3.157086
3.02	-1.788865	-3.070061	4.741568	0	1.164131	0.3034458	56.28988	-4.01122	13.75978
3.04	-2.613586	-3.070061	0.7003229	0	1.737911	0.338469	21.19834	-0.4081674	-0.8940001
3.06	-2.449218	-2.933481	2.031856	0	1.615567	0.8078851	17.34036	15.54603	3.140663
3.08	-4.641236	-4.026116	-8.581109	0	2.46645	2.69663	-20.1853	-9.232594	1.690731
3.1	-3.542142	-4.026116	-1.271734	0	1.436306	1.283082	35.30279	4.568931	13.37742
3.12	-3.681245	-4.094406	-1.138444	0	1.600483	0.541806	39.10365	-5.812747	6.860081
3.14	-4.27529	-4.026116	-3.571988	0	2.582017	1.995019	17.54494	18.30939	7.458111
3.16	-3.854592	-4.094406	-0.3682212	0	2.621344	2.008337	27.82153	8.523129	10.82851
3.18	-3.824256	-4.094406	0.5363638	0	2.848877	2.06706	22.01952	14.33992	8.223001
3.2	-2.115372	-2.728612	9.367133	0	2.781117	1.817905	20.53581	19.10328	7.69252
3.22	-2.559235	-3.070061	6.700329	0	2.722438	2.062989	-15.21448	11.33229	-2.008569
3.24	-2.70638	-3.001771	5.677202	0	2.18827	2.367768	-28.47785	7.729237	-0.3870707
3.26	-3.117892	-3.411509	3.487217	0	1.335288	1.769981	-24.99141	-18.66771	-0.2732856
3.28	-3.715153	-3.752957	0.441851	0	0.7888871	1.328383	-15.79853	-21.18679	1.423225
3.3	-2.9662	-2.728612	3.831354	0	0.8635271	1.363608	-9.47982	-21.26313	4.629502
3.32	-3.397655	-3.070061	1.149178	0	1.095262	1.622539	-21.40017	-12.2555	1.144799
3.34	-2.816817	-3.070061	4.050964	0	0.4614514	0.6915381	1.569739	1.240688	3.885084
3.36	-3.540676	-3.411509	0.03822786	0	0.643044	0.7984372	-5.599847	-0.2249612	0.87008
3.38	-2.373648	-2.455454	5.628882	0	0.5821833	0.6044285	8.372454	-2.98832	5.241091
3.4	-2.523689	-2.318874	3.993045	0	1.097827	1.192698	-16.36317	0.08038235	-0.5461984
3.42	-2.489693	-2.728612	3.889281	0	0.5734579	0.7729384	-8.346167	-2.118091	0.7443941
3.44	-3.075861	-2.728612	0.4094138	0	0.8330342	1.357713	-20.15404	0.3551912	0.5572711
3.46	-2.717674	-2.660322	2.127466	0	0.5533544	1.002229	-4.390282	-6.759312	4.19209
3.48	-3.303125	-3.070061	-0.987781	0	0.7169549	1.040837	-5.542313	-6.240228	2.591423
3.5	-2.887877	-3.001771	1.318763	0	0.5008203	0.4944858	16.52187	-0.5913733	6.219872
3.52	-2.988926	-3.070061	0.7923838	0	0.749177	0.3770601	19.01123	0.8590081	4.365645
3.54	-2.759745	-3.070061	2.093148	0	0.8024938	0.1795233	28.58395	5.408626	5.393934
3.56	-2.988641	-3.070061	0.9079777	0	1.292112	0.6940268	20.37755	9.820839	4.48879
3.58	-2.758888	-3.070061	2.299738	0	1.374283	0.7251989	25.90463	8.706336	6.138001
3.6	-2.956505	-3.070061	1.361014	0	1.780098	1.212372	16.37428	2.431527	5.061347
3.62	-2.828637	-3.070061	2.253431	0	1.862834	1.359899	17.52783	6.691069	6.337909
3.64	-3.001787	-3.070061	1.499481	0	2.157686	1.792869	8.734419	2.614733	5.674797
3.66	-1.254877	-1.635977	10.05175	0	2.128918	1.634491	10.05431	6.110917	6.679095
3.68	-1.470149	-2.045715	8.252459	0	1.826603	1.331016	-13.64867	3.973512	-2.786866
3.7	-2.005763	-2.387164	5.061788	0	1.204207	1.316592	-20.73529	5.240687	-2.125008
3.72	-3.371737	-2.728612	-2.30966	0	1.497642	2.545189	-40.32412	-6.11809	0.3873567
3.74	-1.967752	-1.704267	4.683333	0	1.137204	2.089509	-14.64009	-20.13336	8.115636
3.76	-2.168771	-2.045715	3.130288	0	1.06746	1.54177	-20.75283	-18.31656	0.9170389
3.78	-1.553044	-2.045715	6.037276	0	0.2057333	0.261259	3.609338	-2.255496	2.229388
3.8	-2.454798	-2.318874	0.8235655	0	0.456286	0.6130162	-10.21131	1.591833	-1.095995
3.82	-1.178544	-1.362819	6.829645	0	0.2107826	0.2530994	8.220309	-0.1028238	4.298291
3.84	-1.172323	-1.362819	5.930696	0	0.2937628	0.08843148	-4.554461	-6.973053	-2.088086
3.86	-1.038666	-1.635977	6.071374	0	-0.3710259	-0.6676797	7.052111	2.400993	-1.738521
3.88	-0.9724447	-0.6799221	5.11843	0	0.2607434	0.4558738	-17.92028	-6.545571	-2.373327
3.9	-0.5444675	-0.6799221	6.423185	0	-0.09596327	0.2289188	-16.22258	-7.629541	-1.928611
3.92	-1.070606	-0.9530802	2.843202	0	-0.208019	0.3290846	-25.63026	-12.17916	-3.987224
3.94	-1.33146	-1.294529	1.107049	0	-0.6483173	-0.05321737	-11.47466	-7.47687	-0.7788403
3.96	-0.2822931	-0.2701836	5.658957	0	-0.7057788	-0.4698414	0.9541254	-13.49214	1.030884
3.98	-0.616136	-0.6799221	3.10279	0	-0.6842551	-0.6541009	-6.358473	-2.682976	-3.900347
4	-0.5120697	-0.6799221	3.068455	0	-0.9332891	-0.892616	3.119517	0.6605347	-1.605736
4.02	-1.19243	-1.02137	-0.8866959	0	-0.6859096	-0.5448182	-0.7145619	-2.942518	-1.706461
4.04	-0.9951135	-1.02137	0.05588284	0	-0.7256997	-0.751467	17.59266	-2.041755	2.636422
4.06	-1.013003	-1.02137	-0.1724569	0	-0.3849853	-0.7423121	22.20191	0.217787	2.180557
4.08	-0.8783864	-0.9530802	0.4570464	0	-0.01732112	-0.5274642	24.86814	8.004046	2.931895
4.1	-0.893234	-0.9530802	0.3531581	0	0.4160142	-0.1218898	20.75216	11.39336	2.729612
4.12	-0.7080206	-1.02137	1.457796	0	0.4854558	-0.1811697	25.21764	11.05748	3.187986
4.14	-0.6482904	-1.02137	1.857667	0	0.5801476	-0.203192	24.736	8.752137	2.281528
4.16	-0.633768	-0.9530802	1.963864	0	0.732698	0.01008264	20.34326	7.393358	1.985259
4.18	-0.5279417	-0.9530802	2.580963	0	0.684057	-0.03648224	20.51737	3.01168	1.918946
4.2	-0.5933396	-0.9530802	2.248483	0	0.7089907	0.05169067	16.46661	1.729237	1.243056
4.22	-0.7567557	-1.02137	1.452855	0	0.7476588	0.244875	12.89312	0.01931364	1.521756
4.24	-0.7082397	-0.9530802	1.762424	0	0.7485283	0.3156193	13.18322	0.09564911	2.359042
4.26	-0.7978874	-1.02137	1.366224	0	0.7699356	0.3565121	11.83547	0.01931364	2.078155
4.28	-0.8250501	-1.02137	1.308901	0	0.796492	0.4241357	11.81267	0.2941229	2.542538
4.3	-0.833107	-1.02137	1.348979	0	0.8334821	0.4667551	11.71905	0.3857259	2.692691
4.32	-0.7591212	-1.02137	1.822574	0	0.7909489	0.3651797	13.90555	0.00404646	2.744846
4.34	-0.7160141	-0.9530802	2.050316	0	0.8286759	0.3880603	12.3784	0.08038235	2.315322
4.36	-0.7373202	-0.9530802	1.934851	0	0.85817	0.4704567	9.921608	0.2635885	2.083195
4.38	-0.7678617	-1.02137	1.827621	0	0.789478	0.4186235	10.70098	0.08038235	2.183719
4.4	-0.735213	-0.9530802	1.992204	0	0.7849754	0.4242904	10.56352	-0.0264879	2.300311
4.42	-0.8039522	-1.02137	1.658723	0	0.7688858	0.4161463	10.2885	-0.04175508	2.136103
4.44	-0.8244295	-1.02137	1.585379	0	0.7708974	0.4336956	10.98163	-0.01122072	2.511575
4.46	-0.8205726	-1.02137	1.639872	0	0.7836572	0.4277494	11.82508	-0.01122072	2.658628
4.48	0.613439	0.3444233	8.36974	0	0.9146342	0.4579219	8.170176	0.049848	2.682903
4.5	0.7760811	0.4127131	8.207403	0	0.8417812	0.5198659	-17.79858	0.03458082	-4.928854
4.52	-0.6730711	-0.9530802	0.52215	0	0.1409509	0.4365728	-25.88903	0.049848	-6.085489
4.54	-1.376775	-0.9530802	-3.097539	0	0.05422077	0.9381634	-18.97406	-3.064656	1.259269
4.56	-1.531815	-1.02137	-3.665686	0	0.2021787	0.9465758	-3.700081	-19.87381	5.411475
4.58	-0.8223777	-0.9530802	0.3490627	0	-0.01742005	-0.124754	26.08606	-17.35473	6.837937
4.6	-1.254001	-1.02137	-1.8769	0	0.7365474	0.4178423	14.30813	5.591833	3.362636
4.62	-0.3246806	-0.6799221	3.131872	0	0.6735873	0.04949996	30.63846	17.39336	6.250994
4.64	-0.6961851	-0.6799221	1.023215	0	1.32592	0.7860029	7.035257	16.23305	1.337307
4.66	-0.1700245	-0.6799221	3.918029	0	0.9425264	0.3952239	17.44767	15.7445	3.505717
4.68	-0.3846038	-0.4067631	2.49004	0	1.321738	1.02434	-3.753965	7.057481	0.3504447
4.7	-0.2522659	-0.6116323	3.214139	0	0.8849326	0.7077562	1.495434	1.668169	1.506302
4.72	-0.7206098	-0.7482109	0.7153869	0	0.8910913	0.9019051	-6.350424	-3.90435	0.4499757
4.74	-0.5331319	-0.5433426	1.651241	0	0.7910718	0.9178088	-1.873521	-5.217327	2.925383
4.76	0.547656	0.4127131	6.647759	0	0.7645371	0.6978145	-2.78161	-5.828014	1.952265
4.78	-0.781119	-1.02137	-0.2703295	0	0.393656	0.3927306	-12.54146	-3.766946	-3.803773
4.8	-1.206751	-1.08966	-2.206334	0	0.2235861	0.5735127	0.4304423	-0.6829764	3.05295
4.82	-1.440676	-1.02137	-3.186875	0	0.6591545	0.9581279	4.842883	-6.881449	5.56085
4.84	-0.6477965	-1.02137	1.398463	0	0.3392968	-0.129243	34.61753	-6.60664	7.376709
4.86	-0.8717813	-1.02137	0.3056264	0	0.8533044	0.06774125	25.74808	5.393359	3.215235
4.88	-0.4249049	-1.02137	2.917083	0	0.7145423	-0.2873499	37.49413	16.23305	4.715011
4.9	-1.102884	-1.02137	-0.6164139	0	1.538787	0.9173505	11.25357	7.805573	2.228426
4.92	-0.862481	-1.02137	1.011961	0	1.590175	1.221293	15.26462	7.576565	6.121902
4.94	-1.179998	-0.9530802	-0.4727267	0	2.149634	2.051374	-2.466784	-2.744045	4.70088
4.96	-0.9752831	-1.02137	1.007038	0	2.060798	2.060745	0.9250451	6.599466	6.426946
4.98	-0.9553239	-1.02137	1.387415	0	2.024076	1.968426	-1.581171	1.22542	5.016335
5	-0.816304	-0.9530802	2.301281	0	1.875527	1.816604	-1.620924	7.393358	4.613564
5.02	-0.8497171	-1.02137	2.263174	0	1.681925	1.614314	-2.44914	3.22542	3.556173
5.04	-0.8041449	-0.9530802	2.543611	0	1.50832	1.47339	-2.254546	3.515496	3.444833
5.06	-0.7206465	-0.9530802	2.979535	0	1.249065	1.146534	0.8830838	-0.4387017	3.006121
5.08	-1.077999	-1.02137	1.045447	0	1.353357	1.438395	-6.875268	-0.1791597	2.38676
5.1	-0.9623995	-0.9530802	1.671401	0	1.264264	1.424273	-2.363109	-0.4539685	4.361319
5.12	0.4201851	0.2761335	8.163671	0	1.255868	1.185648	-2.324039	-4.469236	3.777763
5.14	0.4842333	0.2761335	7.534654	0	1.142843	1.1551	-25.38983	0.2635885	-3.581757
5.16	0.1328891	0.002975464	5.003223	0	0.596072	1.131087	-34.77219	-1.492137	-4.147931
5.18	-1.943593	-1.294529	-5.777724	0	0.5241289	1.870967	-46.32433	-16.65244	-2.53671
5.2	-0.2214344	0.002975464	3.088188	0	-0.03733188	0.9391853	-1.118762	-23.03412	8.843689
5.22	-0.420451	-0.2701836	1.552763	0	0.1620288	0.3614132	-6.687329	-19.38526	0.05346739
5.24	0.1985953	-0.2701836	4.535717	0	-0.4231531	-0.6558576	15.89668	1.866642	1.589214
5.26	-0.2865343	-0.2701836	1.458176	0	-0.04984196	-0.2691934	2.451041	-2.774579	-1.627313
5.28	-0.7268822	-0.3384733	-1.103721	0	0.4414778	0.7401444	-6.930789	3.22542	1.48905
5.3	-0.04829998	-0.2701836	2.465188	0	0.0987771	0.02543125	15.37532	-3.919617	4.421188
5.32	-0.3279486	-0.2701836	0.7483682	0	0.4931204	0.2790844	4.961865	0.9658784	0.9218659
5.34	-0.3037873	-0.3384733	0.8606411	0	0.569818	0.454431	7.373072	10.21779	2.783703
5.36	-0.4709327	-0.2701836	-0.08364737	0	0.9558832	0.9886476	-0.656889	1.11855	2.82885
5.38	-0.4024449	-0.3384733	0.3897572	0	1.026596	1.088701	1.545238	6.507863	3.991182
5.4	0.2085603	-0.2018938	3.651634	0	0.6501685	0.2808768	15.70214	0.507863	3.679765
5.42	-0.04740822	-0.3384733	2.207131	0	0.6601192	0.1764283	8.921907	6.339924	0.2153829
5.44	-0.1203381	-0.3384733	1.795519	0	0.6144218	0.2975887	8.764617	3.71397	1.537339
5.46	0.03363124	-0.2701836	2.554344	0	0.4826095	0.08804392	13.15704	-2.453969	1.925489
5.48	-0.4033488	-0.2701836	0.1153951	0	0.9051255	0.8012196	-1.535222	0.4467947	1.087524
5.5	-0.1092894	-0.3384733	1.7998	0	0.6387806	0.4798197	10.60421	0.5536645	3.662329
5.52	0.9016753	0.6858721	6.47565	0	0.7588672	0.3810588	6.587483	-0.652442	2.005943
5.54	-0.5143101	-0.6799221	-0.872913	0	0.6503074	0.5213585	-9.945831	0.8590081	-3.345675
5.56	-0.8076413	-0.6799221	-2.05509	0	0.5488286	0.8426996	1.569304	2.52313	4.032135
5.58	-0.9341066	-0.7482109	-2.333208	0	0.7434487	0.8310195	10.74377	-3.812747	5.751031
5.6	-0.535282	-0.6799221	0.1414352	0	0.7850443	0.4061084	25.82344	-12.33183	6.737052
5.62	-0.9094616	-0.6799221	-1.62507	0	1.532896	1.212304	10.69328	7.194886	4.74669
5.64	-0.256448	-0.6799221	2.265628	0	1.285803	0.6886942	27.51395	10.84374	7.061328
5.66	-0.6596469	-0.6799221	0.295701	0	1.809047	1.288324	8.763371	13.04221	3.301682
5.68	-0.165845	-0.6799221	3.255616	0	1.435425	0.83877	20.81975	13.42389	5.45178
5.7	-0.6748434	-0.6799221	0.653599	0	1.850864	1.494951	0.6886677	7.576565	2.374756
5.72	0.7331594	0.2761335	7.764009	0	1.508517	1.106534	9.510382	3.469695	5.025355
5.74	0.1895714	0.2761335	4.222769	0	1.900494	1.920498	-29.82135	-1.629541	-2.906031
5.76	0.5384313	0.2761335	5.716153	0	1.123903	1.570917	-25.72815	-0.5608392	-0.2000513
5.78	1.170645	1.36877	7.805479	0	1.051028	1.807741	-44.88123	-6.453969	-2.65201
5.8	0.009617832	-0.06531429	1.417913	0	0.08320923	1.073821	-46.31394	-18.86618	-6.122051
5.82	-0.3027082	0.07126522	-0.5074058	0	-0.4026841	0.8562782	-31.70971	-14.92725	-0.3520837
5.84	-0.4707927	-0.3384733	-1.377336	0	-0.9100932	-0.1737483	-4.371743	-22.91198	1.621814
5.86	0.4601468	0.6175833	2.873773	0	-0.7192258	-0.5465215	9.979441	-18.05702	2.96136
5.88	0.8024026	0.6858721	3.938184	0	-0.5543666	-0.807651	7.556068	-0.3165643	-1.22782
5.9	0.5456614	0.3444233	2.144332	0	-0.5932611	-0.8365562	5.169718	6.187252	-2.582972
5.92	0.4031967	0.6175833	0.8695202	0	-0.2041191	-0.09545046	-4.27618	4.126184	-0.9317374
5.94	0.4661619	0.3444233	1.066963	0	-0.4093114	-0.4091858	5.813199	-2.927251	0.3498473
5.96	0.3665561	0.4127131	0.3197696	0	-0.2272944	-0.2864251	5.048366	-7.354732	0.1887009
5.98	0.2631913	0.2761335	-0.2650208	0	-0.117058	-0.2001006	7.892224	1.042214	1.075352
6	0.67611	0.3444233	1.904132	0	-0.3111463	-0.7503942	21.91456	-0.8814495	1.898305
6.02	0.7372335	0.6858721	1.85523	0	0.1141132	-0.3354024	10.35583	0.00404646	-0.2244794
6.04	0.8681904	0.6858721	2.313887	0	0.1585724	-0.1680166	6.420747	2.492596	-0.2642703
6.06	0.7954922	0.6858721	1.711236	0	0.1956625	0.01844642	-0.1263368	0.30939	-0.9603915
6.08	0.8333954	0.6858721	1.752979	0	0.05736683	-0.03188039	-0.03116751	0.2635885	-0.5912819
6.1	0.8869964	0.6858721	1.871501	0	-0.1405815	-0.2747462	2.417407	-0.7745795	-0.8665822
6.12	0.6690865	0.6175833	0.5671504	0	-0.141687	-0.1961354	-0.4649001	-0.1333582	-1.214288
6.14	0.691273	0.6858721	0.5544608	0	-0.1424584	-0.1285759	1.187773	0.1872526	0.02586687
6.16	0.3555908	0.3444233	-1.11218	0	-0.162977	-0.179612	3.588776	-0.6066405	0.02254415
6.18	0.2397757	0.2761335	-1.527262	0	-0.08615095	-0.1445647	9.934231	0.3246568	1.915035
6.2	0.780704	0.6858721	1.278542	0	0.03457963	-0.2774175	16.54873	0.1872526	2.719511
6.22	0.6877835	0.6175833	0.6972671	0	0.2967927	-0.06784771	7.385167	3.866642	-0.02507842
6.24	0.8287355	0.6858721	1.397354	0	0.3056576	0.05098377	5.580994	6.446794	0.5219041
6.26	0.7405676	0.6858721	0.8611186	0	0.37032	0.2394568	-1.089919	0.4925962	-0.334564
6.28	0.7176334	0.6858721	0.7105961	0	0.3259229	0.3367861	-3.464625	0.08038235	0.04226911
6.3	0.546056	0.4127131	-0.0420962	0	0.08970922	0.06643231	0.857053	-0.28603	0.04318738
6.32	0.3295306	0.2761335	-0.9843576	0	0.01415101	-0.04241994	5.281935	-0.2707628	0.7886688
6.34	0.3180119	0.3444233	-0.8945955	0	0.1289161	0.02855036	8.510766	0.09564911	1.93852
6.36	0.4175726	0.3444233	-0.2113753	0	0.2046213	-0.04171117	12.24685	0.2635885	2.112224
6.38	0.4466991	0.3444233	0.0701412	0	0.3257411	-0.006084862	11.83412	1.301756	1.615932
6.4	0.8957428	0.6858721	2.353542	0	0.3687791	-0.04589956	11.80975	2.996413	1.454229
6.42	0.8821371	0.6858721	2.120906	0	0.4178431	0.06215532	2.140638	1.637634	-1.04379
6.44	0.8993195	0.6858721	2.090405	0	0.2517838	0.0710719	-1.387622	1.622367	-1.150077
6.46	0.888443	0.6858721	1.894463	0	0.02400751	-0.07726139	-2.305921	-2.469236	-1.486057
6.48	0.2448659	0.2761335	-1.414126	0	-0.02577324	0.09043469	-6.61293	-5.766946	-1.626754
6.5	0.3517297	0.2761335	-0.6416802	0	-0.2657242	-0.2203391	8.010301	-4.3929	1.792534
6.52	0.3276508	0.3444233	-0.7136006	0	-0.1022145	-0.2589996	10.08904	-6.789846	1.24745
6.54	-0.09441191	0.3444233	-2.885617	0	0.5581349	0.7084207	-4.000824	4.752138	1.575787
6.56	1.075733	0.7541609	3.344439	0	0.1784756	-0.07391688	17.03346	0.09564911	4.188701
6.58	0.9540495	0.6858721	2.463834	0	0.2530775	-0.2465974	3.886949	3.393359	-2.298745
6.6	0.9967819	0.6858721	2.532902	0	0.01537788	-0.2739774	1.872012	4.110917	-1.820258
6.62	0.5558174	0.6858721	-0.01044637	0	0.2074844	0.326488	-12.72447	9.179618	-2.306038
6.64	1.058611	0.6858721	2.627019	0	-0.4313782	-0.4891534	5.683105	-8.362366	0.07670605
6.66	0.2658938	0.4127131	-1.66248	0	-0.1856818	-0.1204821	-7.917026	-6.362365	-2.896103
6.68	0.3928027	0.3444233	-0.8074742	0	-0.4217736	-0.3328171	7.330288	-7.431068	1.522541
6.7	0.09810086	0.3444233	-2.300389	0	-0.03388135	0.01157317	2.845448	-2.011221	0.9028912
6.72	0.4656617	0.3444233	-0.1449273	0	-0.12539	-0.3262267	16.20568	-4.01122	2.804648
6.74	0.1553333	0.3444233	-1.718905	0	0.3834445	0.2163933	4.356376	2.080382	0.8714535
6.76	0.7599333	0.3444233	1.731484	0	0.01100519	-0.453475	21.75637	2.553665	2.742844
6.78	0.5287511	0.3444233	0.5116192	0	0.2322604	-0.318518	11.37969	8.263588	-0.7548727
6.8	0.5209042	0.2761335	0.610773	0	0.1755266	-0.2415153	12.01058	4.171985	0.4400174
6.82	0.2615507	0.2761335	-0.6667703	0	0.4133632	0.2004668	3.587829	5.561298	0.3244365
6.84	0.7520325	0.3444233	2.084588	0	0.04313654	-0.3797473	16.85043	-0.820381	1.706633
6.86	0.3937845	0.3444233	0.1293689	0	0.3199691	-0.01496121	2.908971	-0.6829764	-1.201482
6.88	0.4313785	0.3444233	0.4069031	0	0.2811592	0.1539718	3.240063	1.423894	0.7140643
6.9	0.3298967	0.3444233	-0.08469247	0	0.359248	0.3150613	-0.8366933	-1.247862	0.3951484
6.92	0.475434	0.2761335	0.8150694	0	0.1195833	-0.02940699	6.099704	-0.6066405	0.8798457
6.94	0.4056948	0.3444233	0.4265655	0	0.1765405	0.01993251	2.549436	-0.3623658	-0.09075284
6.96	0.3488812	0.3444233	0.1318685	0	0.2241022	0.177764	0.03310102	0.1872526	0.2514128
6.98	0.3766	0.2761335	0.3539372	0	0.1103236	0.02996433	3.164597	0.1414511	0.5273261
7	0.3562519	0.3444233	0.2323364	0	0.1644097	0.09784164	1.237145	-0.0264879	0.283142
7.02	0.3955039	0.3444233	0.4451237	0	0.1377262	0.07468536	1.706938	0.1414511	0.3904297
7.04	0.3912313	0.2761335	0.4615834	0	0.04249024	-0.07732435	3.701792	-0.01122072	0.1344
7.06	0.3187116	0.2761335	0.08899879	0	0.06601281	-0.03331819	2.74083	-0.1028238	0.08169675
7.08	0.4338899	0.4127131	0.6367348	0	0.1119526	0.03908802	2.188601	0.049848	0.4713315
7.1	0.4792898	0.4127131	0.8133478	0	0.09514309	0.007117497	0.961123	0.1872526	-0.1302797
7.12	0.4222158	0.3444233	0.4907332	0	0.03103937	-0.03645916	0.4246939	-0.0264879	-0.4205107
7.14	0.3847929	0.3444233	0.2724276	0	-0.003226273	-0.03547111	0.5271756	-0.04175508	-0.17887
7.16	0.3435139	0.3444233	0.03566946	0	0.009009145	0.004579408	0.1967015	0.049848	0.003945112
7.18	0.3374475	0.3444233	-0.001388203	0	0.02132542	0.02375509	0.6084077	0.09564911	0.2438477
7.2	0.3406748	0.3444233	0.01534069	0	0.03838234	0.02915811	0.9172841	0.049848	0.2968277
7.22	0.4204881	0.4127131	0.3960718	0	0.05787718	0.03184005	0.912418	0.00404646	0.2945743
7.24	0.2660351	0.2761335	-0.380111	0	0.0771067	0.07680646	-0.7406688	-0.0264879	-0.1280178
7.26	0.3554277	0.3444233	0.1188164	0	0.05227703	0.05002186	1.720006	0.049848	0.684489
7.28	0.2983765	0.2761335	-0.1390652	0	0.05521695	0.005968984	1.767397	0.00404646	0.19505
7.3	0.2600859	0.2761335	-0.2946999	0	0.1019932	0.078118	1.449778	0.3857259	0.4843769
7.32	0.4417764	0.3444233	0.6843363	0	0.03073668	-0.0857076	5.069011	0.03458082	0.6995263
7.34	0.3631516	0.2761335	0.2764929	0	0.03217766	-0.1266407	3.390892	-0.1486253	-0.327553
7.36	0.2737046	0.2761335	-0.1784751	0	0.09746527	0.03805645	1.115507	0.03458082	0.05041772
7.38	0.4078796	0.3444233	0.536586	0	0.0567283	-0.02268254	3.237069	0.00404646	0.5341551
7.4	0.3498844	0.2761335	0.2440362	0	0.03693533	-0.07738655	2.360761	-0.118091	-0.2272275
7.42	0.3536336	0.3444233	0.2357328	0	0.07880026	0.02810439	0.6933776	-0.0264879	0.03248227
7.44	0.3298213	0.2761335	0.1405173	0	0.03014496	-0.02276778	1.411078	0.06511518	0.00758791
7.46	0.3802623	0.3444233	0.3829694	0	0.02471906	-0.03122083	1.502272	0.08038235	0.0822084
7.48	0.3398536	0.3444233	0.1352819	0	0.06334546	0.04419336	-0.7672561	-0.05702226	-0.2060202
7.5	0.2693896	0.2761335	-0.2057553	0	0.05004104	0.07454994	-0.9580543	0.06511518	0.003813446
7.52	0.3706978	0.3444233	0.3257374	0	0.007768843	0.0001502521	1.130891	0.09564911	0.3549428
7.54	0.3579567	0.3444233	0.2250791	0	0.01949372	-0.008405721	-0.1292671	-0.07228944	-0.2120684
7.56	0.2502778	0.2761335	-0.3251617	0	0.03911983	0.06859875	-1.485436	-0.08755662	-0.1571224
7.58	0.3342819	0.3444233	0.1175292	0	0.02531688	0.05609517	0.05565748	0.049848	0.4134471
7.6	0.2946416	0.2761335	-0.06730592	0	0.001651442	-0.0116688	0.393213	0.049848	-0.0429697
7.62	0.2653043	0.2761335	-0.1998239	0	0.01735268	0.01774345	0.4049044	-0.04175508	0.1419132
7.64	0.3353893	0.3444233	0.1545687	0	0.04094648	0.0353908	0.5371276	-0.04175508	0.3011928
7.66	0.2757597	0.2761335	-0.1392266	0	0.04786494	0.04122629	-0.3733027	0.01931364	-0.07190359
7.68	0.3673762	0.3444233	0.3337934	0	0.02147753	0.006157435	0.7323807	0.00404646	0.2216452
7.7	0.2480062	0.2761335	-0.2894543	0	0.06191612	0.07804758	-1.850383	-0.04175508	-0.3002352
7.72	0.3417105	0.3444233	0.2021694	0	0.03388509	0.0663418	-0.4179135	-0.0264879	0.3269185
7.74	0.3408466	0.3444233	0.1696143	0	0.03406446	0.04869166	-1.523044	0.00404646	-0.2024027
7.76	0.3629626	0.3444233	0.2645466	0	-0.01222472	0.005589088	-1.225403	0.03458082	-0.225939
7.78	0.281682	0.2761335	-0.1536869	0	-0.04807197	-0.02197889	-1.321364	-0.1028238	-0.3890849
7.8	0.3132074	0.3444233	-0.01407498	0	-0.03625123	0.01223604	-1.095206	0.01931364	0.01752663
7.82	0.2432806	0.2761335	-0.3664293	0	-0.02786238	0.02184613	-1.407308	0.01931364	-0.1349036
7.84	0.2475571	0.2761335	-0.3130093	0	-0.02898018	0.01612246	-0.1404909	-0.0264879	0.2433728
7.86	0.301403	0.3444233	-0.04871035	0	0.02007046	0.05138674	-0.564765	0.00404646	0.2283543
7.88	0.3528424	0.3444233	0.2076272	0	0.004157747	0.006764812	-0.4294657	0.00404646	-0.03877604
7.9	0.3257068	0.3444233	0.03582487	0	0.01908149	0.04682799	-2.20615	0.08038235	-0.3476671
7.92	0.2907468	0.2761335	-0.1180697	0	-0.0462972	-0.01268241	-1.099432	-0.01122072	-0.2263717
7.94	0.3114677	0.3444233	-0.03520721	0	-0.02855663	0.0177151	-1.482909	0.00404646	-0.0913431
7.96	0.3263785	0.3444233	0.02131455	0	-0.0353739	0.007995364	-1.651686	-0.04175508	-0.1959956
7.98	0.2967665	0.3444233	-0.1600369	0	-0.01441634	0.05815555	-2.948802	0.06511518	-0.2899276
8	0.3479454	0.3444233	0.1028663	0	-0.07454823	-0.02213988	-1.328061	-0.01122072	-0.1336117
8.02	0.3785444	0.4127131	0.1894557	0	-0.0539127	0.001376591	-2.799394	0.03458082	-0.4440724
8.04	0.3245947	0.3444233	-0.1159499	0	-0.08885725	-0.01255834	-3.247159	-0.0264879	-0.6055703
8.06	0.2668735	0.3444233	-0.4370756	0	-0.07039648	0.05658219	-4.03827	0.049848	-0.3449742
8.08	0.2169229	0.2761335	-0.6537147	0	-0.09572472	0.02674136	-2.418804	0.03458082	-0.0185501
8.1	0.2517305	0.3444233	-0.4707993	0	-0.04226204	0.06956102	-2.10833	0.049848	0.2526229
8.12	0.2970128	0.3444233	-0.2264268	0	-0.03177285	0.04001129	-1.543477	0.03458082	0.111589
8.14	0.3231778	0.3444233	-0.08969633	0	-0.03863032	0.005133199	-1.447979	-0.0264879	-0.1327018
8.16	0.4008823	0.4127131	0.2692985	0	-0.0453926	-0.009956692	-1.916337	0.00404646	-0.2974524
8.18	0.3186372	0.3444233	-0.1827851	0	-0.0574005	0.007970661	-3.699473	-0.0264879	-0.7427576
8.2	0.2502558	0.2761335	-0.4999355	0	-0.112915	-0.01959933	-2.455389	-0.0264879	-0.3418365
8.22	0.2894342	0.3444233	-0.2983624	0	-0.1016581	-0.01715625	-1.585702	-0.2707628	-0.008357704
8.24	0.3788568	0.4127131	0.1208074	0	-0.08768356	-0.03537382	-1.672039	-0.08755662	-0.1987144
8.26	0.3864194	0.4127131	0.1006284	0	-0.0859461	-0.02937574	-3.233987	-0.04175508	-0.6744757
8.28	0.2776328	0.3444233	-0.4841885	0	-0.08200877	0.04065181	-5.022831	0.00404646	-0.7380834
8.3	0.2692192	0.3444233	-0.5141122	0	-0.1035177	0.04994124	-3.961432	0.01931364	-0.1722157
8.32	0.2671531	0.3444233	-0.5154326	0	-0.1011489	0.03212594	-3.307758	-0.5608392	-0.1317915
8.34	0.2396606	0.2761335	-0.6052282	0	-0.1380317	-0.05034453	-1.368366	-1.064656	-0.1123564
8.36	0.2861313	0.3444233	-0.3600707	0	-0.1023975	-0.03886213	-0.9238832	-0.08755662	0.02161387
8.38	0.2250907	0.2761335	-0.6411009	0	-0.07501674	-0.01994084	-1.387809	0.00404646	-0.2024463
8.4	0.2405035	0.2761335	-0.5058648	0	-0.07174993	-0.02611914	-0.2063676	-0.08755662	0.1228169
8.42	0.2164517	0.2761335	-0.5918596	0	-0.01805294	0.02647797	-1.016542	0.03458082	0.02922539
8.44	0.2883229	0.3444233	-0.2059843	0	0.02550598	0.07992698	-1.627404	0.01931364	0.1593173
8.46	0.3963181	0.4127131	0.321649	0	0.02200231	0.06216272	-2.695247	-0.01122072	-0.2419657
8.48	0.2717853	0.2761335	-0.306703	0	-0.03562416	0.02971962	-4.236588	0.00404646	-0.883596
8.5	0.3074233	0.3444233	-0.1249325	0	-0.07791882	0.03092876	-3.57651	-0.1028238	-0.3131547
8.52	0.3786674	0.4127131	0.1864161	0	-0.1021198	-0.006584881	-3.931098	-1.461602	-0.5467846
8.54	0.3222608	0.3444233	-0.14099	0	-0.1572703	-0.05644787	-4.494432	-0.1028238	-0.9590708
8.56	0.3376265	0.4127131	-0.1307383	0	-0.1579438	-0.009943141	-5.267257	-0.118091	-0.7029774
8.58	0.1869602	0.2761335	-0.9023277	0	-0.1780676	0.0004004864	-5.593731	-0.2096941	-0.7779979
8.6	0.2481836	0.3444233	-0.5753578	0	-0.1858185	-0.01230076	-3.211451	-0.4081674	0.02932598
8.62	0.2486972	0.3444233	-0.5839689	0	-0.1472457	-0.01510343	-3.323912	-1.843282	-0.2623066
8.64	0.3214252	0.3444233	-0.1973615	0	-0.1893598	-0.1154694	-1.200807	-0.04175508	-0.2288537
8.66	0.4285841	0.4127131	0.3056504	0	-0.2230514	-0.2173768	-0.4554496	-0.4234346	-0.633324
8.68	0.2476953	0.3444233	-0.6947229	0	-0.1323223	-0.03610524	-5.369762	-0.2402284	-1.228258
8.7	0.3512353	0.4127131	-0.1715269	0	-0.1675387	-0.02406493	-3.608316	-0.9425185	-0.2345231
8.72	0.4023075	0.4127131	0.05289934	0	-0.224374	-0.1476916	-2.89793	-2.316564	-0.8023911
8.74	0.3794913	0.4127131	-0.1288936	0	-0.2441541	-0.1579568	-3.881574	-0.5455718	-1.113338
8.76	0.2894453	0.2761335	-0.5641941	0	-0.3520361	-0.2854528	-1.402505	-1.69061	-1.005219
8.78	0.2240248	0.3444233	-0.9304196	0	-0.2557768	-0.1382937	-2.673982	0.171985	-0.5606306
8.8	0.2511728	0.2761335	-0.7219061	0	-0.2957884	-0.2381154	0.9587508	0.08038235	-0.1188014
8.82	0.2814216	0.2761335	-0.5192016	0	-0.2946402	-0.3307062	3.126344	-0.0264879	-0.2526278
8.84	0.259653	0.2761335	-0.6056575	0	-0.2262329	-0.2835897	2.594299	-0.05702226	-0.3942625
8.86	0.4291681	0.4127131	0.2457403	0	-0.1855591	-0.2643293	2.679827	0.09564911	-0.2448488
8.88	0.4383617	0.4127131	0.2304037	0	-0.1563492	-0.2268152	-0.5886011	-0.0264879	-1.154385
8.9	0.3512432	0.3444233	-0.2367426	0	-0.1824672	-0.1705851	-2.653121	0.049848	-1.254129
8.92	0.402322	0.4127131	-0.004664522	0	-0.2216173	-0.1651333	-2.576401	-0.0264879	-0.8585487
8.94	0.2986479	0.3444233	-0.5605196	0	-0.2314107	-0.1407643	-4.113936	-0.1028238	-1.177429
8.96	0.367483	0.3444233	-0.1797588	0	-0.3446999	-0.2918159	-0.3584378	-0.28603	-0.6492581
8.98	0.1979924	0.2761335	-1.059562	0	-0.2833654	-0.2124263	-2.439939	-0.1791597	-1.064935
9	0.3221159	0.3444233	-0.3839113	0	-0.3123083	-0.2656166	1.096664	-0.377633	-0.1157145
9.02	0.2589915	0.3444233	-0.7361598	0	-0.2039431	-0.1617981	-1.814098	-0.4845033	-0.7667621
9.04	0.3042412	0.2761335	-0.4274709	0	-0.2840869	-0.2837124	1.529256	-1.47687	-0.3824195
9.06	0.2090369	0.3444233	-0.9511919	0	-0.1120249	-0.03815977	-3.371784	-0.4692361	-0.6774549
9.08	0.3558594	0.3444233	-0.1303761	0	-0.1949582	-0.1556108	0.0884071	0.507863	-0.1045773
9.1	0.3818954	0.2761335	0.04786026	0	-0.3198511	-0.409921	2.564387	-0.4387017	-0.9652059
9.12	0.2432425	0.2761335	-0.6888886	0	-0.2456489	-0.2666495	-0.8117429	-0.1638925	-1.208024
9.14	0.3011877	0.3444233	-0.3874614	0	-0.217324	-0.1787334	-0.7492753	-0.01122072	-0.4522362
9.16	0.3568076	0.3444233	-0.1007302	0	-0.2484459	-0.2510682	-0.2415779	-0.01122072	-0.7599287
9.18	0.2601321	0.2761335	-0.5928531	0	-0.248519	-0.2304063	-1.588746	-0.07228944	-1.10273
9.2	0.3262359	0.3444233	-0.2519909	0	-0.2627494	-0.2274662	-0.7342028	0.08038235	-0.6161898
9.22	0.418428	0.4127131	0.1688771	0	-0.277978	-0.2740126	-1.099613	-0.3012971	-0.9876527
9.24	0.4065396	0.4127131	0.02760828	0	-0.2904304	-0.2603918	-3.262138	-0.04175508	-1.511527
9.26	0.2581044	0.2761335	-0.7349904	0	-0.3523113	-0.2689433	-3.507602	-0.1028238	-1.485957
9.28	0.2039866	0.2761335	-0.9872041	0	-0.3584072	-0.2409439	-2.120413	-0.5150374	-0.7335231
9.3	0.3521729	0.4127131	-0.2533161	0	-0.3303647	-0.2584172	-0.7099707	-0.6219077	-0.4154352
9.32	0.2701127	0.2761335	-0.6620086	0	-0.3532257	-0.3366587	-0.6810828	0.03458082	-1.16565
9.34	0.2717896	0.2761335	-0.6195623	0	-0.3756442	-0.3695317	1.085716	-0.1028238	-0.7461984
9.36	0.4063261	0.4127131	0.02643929	0	-0.3424308	-0.3720485	1.18695	-0.820381	-0.7551403
9.38	0.317917	0.2761335	-0.4255411	0	-0.3796302	-0.434916	0.6840118	-0.7593123	-1.4556
9.4	0.3287049	0.3444233	-0.3922428	0	-0.3548244	-0.363071	0.1604412	-0.08755662	-1.027245
9.42	0.3591508	0.4127131	-0.294982	0	-0.2917636	-0.2587644	-2.014347	-0.9272513	-1.074853
9.44	0.4512877	0.4127131	0.1500733	0	-0.3730392	-0.3707784	-0.803968	-1.537938	-1.221587
9.46	0.2366625	0.3444233	-1.018825	0	-0.2836572	-0.1734244	-6.08274	0.09564911	-1.781768
9.48	0.3933199	0.4127131	-0.1968541	0	-0.3839397	-0.2667483	-2.043586	0.2941229	-0.6147898
9.5	0.3251736	0.2761335	-0.521786	0	-0.4966951	-0.49737	0.2239206	-0.7745795	-1.495237
9.52	0.2063929	0.3444233	-1.18316	0	-0.3525921	-0.2515577	-3.335599	-0.05702226	-1.185852
9.54	0.3477665	0.3444233	-0.4029978	0	-0.430752	-0.3893166	1.274406	-0.3623658	-0.453114
9.56	0.2713448	0.2761335	-0.7801582	0	-0.417907	-0.4446265	0.9562479	-3.247862	-1.230231
9.58	0.3858708	0.4127131	-0.2237391	0	-0.3686886	-0.381413	0.7835503	0.7063363	-0.818137
9.6	0.4072894	0.2761335	-0.06796914	0	-0.5128099	-0.6387895	4.089544	-0.2707628	-1.407018
