0	-0.01027704	0.002975464	-0.05701848	0	0.01462634	0.02556511	-0.4589233	-0.02763153	0
0.02	0.0004711128	0.002975464	0.003147894	0	0.008602655	0.01863877	-0.1914035	-0.05816589	0.06153238
0.04	0.002103537	0.002975464	0.01128196	0	0.006098707	0.01065091	-0.200564	0.07923873	-7.81056e-05
0.06	0.004145496	0.002975464	0.0209512	0	0.001183233	0.004392543	-0.1506659	-0.04289871	-0.0121171
0.08	-0.002342662	0.002975464	-0.01604854	0	0.00418864	0.01198839	-0.350142	-0.01236435	-0.02671119
0.1	0.04279019	0.002975464	0.2247978	0	-0.04528502	-0.0717075	1.195001	-0.05816589	0.009118612
0.12	-0.07297643	-0.06531429	-0.3627716	0	-0.02208718	-0.03365567	0.03335613	-0.01236435	-0.2540531
0.14	0.008376405	0.002975464	0.07266796	0	-0.02534992	-0.03809608	1.739462	0.00290283	0.3809181
0.16	0.01271871	0.002975464	0.08297314	0	-0.0001609232	-0.04171939	1.030114	-0.07343306	-0.03676522
0.18	0.02606474	0.002975464	0.1477287	0	-0.003838344	-0.04202687	0.9314054	0.07923873	-0.04981296
0.2	0.007375979	0.002975464	0.03952657	0	0.01029363	-0.009056367	0.02860636	0.09450591	-0.1302805
0.22	0.07007691	0.002975464	0.3733281	0	-0.06098321	-0.1165064	2.031334	-0.01236435	-0.03151602
0.24	0.009632263	0.002975464	0.02538758	0	-0.02803494	-0.06659936	0.1266298	-0.05816589	-0.4044167
0.26	0.08809139	0.07126522	0.3915824	0	-0.03519339	-0.05254811	0.3722346	-0.01236435	-0.06568834
0.28	0.01102582	0.002975464	-0.03036316	0	-0.03882789	-0.04469083	-0.8883569	-0.05816589	-0.4830111
0.3	-0.0006415285	0.002975464	-0.0897365	0	-0.05438503	-0.03395285	-0.2306009	-0.01236435	-0.07642587
0.32	0.06808894	0.07126522	0.230658	0	-0.04835062	-0.04408149	0.1149013	-0.02763153	-0.005748816
0.34	-0.01245849	0.002975464	-0.2005837	0	-0.03279639	-0.01710513	-1.126263	-0.01236435	-0.3533315
0.36	-0.03724455	0.002975464	-0.3179447	0	-0.01442911	0.03783161	-0.9890044	0.01817001	0.08841643
0.38	-0.03072783	0.002975464	-0.262952	0	0.0003118962	0.04195634	-0.371594	-0.1039674	0.2460335
0.4	-0.02143252	0.002975464	-0.1945095	0	0.01776023	0.04038872	-0.0717693	0.01817001	0.230931
0.42	-0.02455381	0.002975464	-0.1935005	0	0.04484799	0.06539965	-0.4079702	-0.08870025	0.1927577
0.44	-0.001503656	0.002975464	-0.04969062	0	0.04085074	0.04894543	0.03345392	0.01817001	0.2163031
0.46	-0.08597963	-0.06531429	-0.4400636	0	0.05453823	0.07151969	-0.5113038	-0.02763153	0.07853688
0.48	0.01757023	0.002975464	0.1323271	0	0.03049315	0.01945621	1.552415	0.00290283	0.5217056
0.5	-0.0160973	0.002975464	-0.0526953	0	0.08303163	0.07031406	-0.6436858	-0.02763153	-0.04809993
0.52	0.03074587	0.002975464	0.2089608	0	0.04159993	0.03015254	0.2636343	0.03343719	0.133408
0.54	0.02758432	0.002975464	0.186049	0	0.02137145	-0.0002838187	-0.1392149	-0.04289871	-0.160423
0.56	0.02599576	0.002975464	0.1690498	0	-0.005296057	-0.01802159	-0.1590562	0.00290283	-0.1735999
0.58	0.009300016	0.002975464	0.0677187	0	-0.01457455	-0.01335987	-0.4891559	-0.08870025	-0.1880735
0.6	-0.007666412	0.002975464	-0.03228403	0	-0.01226673	0.007605053	-0.7677175	0.0487048	-0.1038978
0.62	0.003596346	0.002975464	0.02320665	0	-0.0276269	-0.01354434	-0.1544264	-0.01236435	-0.005574168
0.64	0.02579309	0.002975464	0.1330968	0	-0.05482592	-0.07027933	0.765517	-0.02763153	-0.06324591
0.66	-0.07671528	-0.06531429	-0.3826673	0	-0.03600447	-0.03775428	0.1073525	0.03343719	-0.1843175
0.68	0.008135368	0.002975464	0.06931318	0	-0.03747959	-0.05191335	1.920013	-0.02763153	0.3855793
0.7	0.03605737	0.002975464	0.2036199	0	-0.03381149	-0.09841423	1.976098	0.01817001	-0.04530184
0.72	0.04526901	0.002975464	0.2366586	0	-0.03959439	-0.110157	1.761273	-0.01236435	-0.1913512
0.74	0.05498787	0.002975464	0.2724352	0	-0.06058537	-0.1341794	1.888511	-0.05816589	-0.247693
0.76	0.01923477	0.002975464	0.06217742	0	-0.04106378	-0.08672997	0.7376803	0.06397155	-0.3120758
0.78	0.006850483	0.002975464	-0.01062619	0	-0.03121066	-0.04781171	0.4486265	0.01817001	-0.1097308
0.8	-0.009474233	0.002975464	-0.09952982	0	-0.009576099	-0.008310732	-0.02670133	-0.01236435	-0.03274632
0.82	0.01480609	0.002975464	0.0356424	0	-0.02338266	-0.03457903	0.7621624	-0.05816589	0.0702747
0.84	0.01383756	0.002975464	0.02847155	0	-0.02055774	-0.04398041	0.6722642	0.01817001	-0.06293056
0.86	0.08154756	0.07126522	0.3411586	0	-0.01023795	-0.03293526	0.308179	0.03343719	-0.05637513
0.88	-0.009108882	0.002975464	-0.1449932	0	0.006242025	0.01740061	-1.603446	0.01817001	-0.4159675
0.9	0.001905592	0.002975464	-0.07000801	0	-0.02625466	0.004044905	-0.3697862	0.0487048	0.06340801
0.92	-0.1108087	-0.06531429	-0.6187478	0	0.005189668	0.05057899	-1.041745	0.01817001	-0.005481884
0.94	0.002257149	0.002975464	0.006176686	0	-0.01368033	-0.004878387	1.767056	-0.07343306	0.6218194
0.96	0.003908627	0.002975464	0.01081582	0	0.02088189	-0.01514614	0.8690147	0.01817001	0.02661652
0.98	0.004075834	0.002975464	0.01471299	0	0.03719289	0.01909811	0.2027109	0.186109	0.02673812
1	0.01191941	0.002975464	0.06231697	0	0.03180797	0.02059675	0.03264314	-0.02763153	0.01855277
1.02	0.01766308	0.002975464	0.09548598	0	0.01687114	0.005246459	0.002935767	-0.01236435	-0.0427252
1.04	0.01490186	0.002975464	0.07897128	0	0.004290059	-0.003778847	-0.1294026	0.00290283	-0.09518412
1.06	0.007509451	0.002975464	0.03596252	0	-0.002993794	-0.002611141	-0.2925292	0.09450591	-0.09621808
1.08	0.01523608	0.002975464	0.07405403	0	-0.02182971	-0.02546526	0.1035875	-0.04289871	-0.06435565
1.1	-0.001211635	0.002975464	-0.02143435	0	-0.01522636	-0.01233917	-0.2864114	-0.08870025	-0.1140132
1.12	-1.061486	-1.02137	-4.967175	0	-0.1082597	-0.04845426	3.267744	-0.1039674	-0.01934717
1.14	-0.78689	-0.6799221	-2.987607	0	0.01390436	-0.05302653	21.14372	-0.05816589	5.640977
1.16	-0.435824	-0.2701836	-0.9906518	0	0.6164454	0.2707605	17.51377	0.1250407	4.432956
1.18	-0.684125	-0.9530802	-1.671711	0	0.590377	0.01112151	21.87811	2.109773	2.849391
1.2	-0.2798819	-0.4067631	0.6786512	0	0.8909271	0.314547	19.82138	14.27771	3.955549
1.22	-1.581524	-1.704267	-5.207247	0	0.9885194	0.5309827	13.66727	10.14031	1.740779
1.24	-2.109685	-2.045715	-6.667049	0	1.159535	0.8624582	28.62996	11.43802	8.438811
1.26	-1.746523	-2.114005	-3.418789	0	1.193167	0.2049423	55.67175	3.850231	11.25248
1.28	-2.532962	-3.070061	-5.901362	0	1.487056	-0.1015423	66.36418	1.254811	9.198104
1.3	-2.582153	-3.070061	-4.540304	0	2.094494	0.2753728	78.25659	19.92657	13.24716
1.32	-3.413835	-3.411509	-7.255439	0	3.458842	1.837447	60.53484	20.81206	13.4795
1.34	-4.704206	-4.777303	-11.3388	0	4.261244	2.897669	63.33164	28.07924	18.0044
1.36	-5.110752	-4.982172	-10.64792	0	5.386897	4.044513	70.80186	25.42275	24.52388
1.38	-4.934318	-5.460199	-6.682236	0	5.964114	3.942032	90.04935	32.03344	26.41081
1.4	-3.220989	-4.435854	4.370559	0	6.378877	3.448215	100.3968	34.17084	24.61633
1.42	-3.750053	-5.18704	3.474499	0	6.685453	3.598013	72.22059	47.80443	14.23069
1.44	-4.867948	-5.801648	-0.3029766	0	6.939405	4.820146	47.76469	42.82733	15.40265
1.46	-6.830835	-6.484545	-8.242764	0	8.054508	7.415118	10.87827	30.87313	19.89266
1.48	-4.839647	-5.118752	4.1005	0	8.012915	7.391366	33.49066	-7.508547	29.57866
1.5	-5.4189	-6.143096	2.83265	0	7.826274	6.65041	18.02946	2.873132	17.71195
1.52	-3.991138	-5.118752	11.32693	0	7.073754	5.817982	27.50438	7.438017	19.21024
1.54	-6.697148	-6.484545	-1.818198	0	7.778278	7.644361	-33.40607	13.42275	9.990058
1.56	-4.411082	-5.528489	11.39205	0	6.018672	5.704881	25.77931	-4.119235	23.63212
1.58	-6.557865	-5.801648	0.2399621	0	7.415019	7.74507	-46.04533	-7.401677	9.958771
1.6	-3.868034	-5.118752	15.01331	0	5.338021	5.194924	19.25161	-10.68412	21.46015
1.62	-6.409224	-5.39191	1.129097	0	6.945386	7.685597	-67.15454	4.598322	5.734365
1.64	-4.181125	-4.777303	13.06326	0	5.193557	6.02672	-12.81448	-13.69175	19.70395
1.66	-7.557373	-5.460199	-5.169347	0	7.309776	9.550216	-108.2275	6.415116	6.909362
1.68	-4.059347	-3.752957	13.10749	0	5.848163	8.102404	-43.67316	-22.88259	25.90307
1.7	-5.718381	-4.367564	3.487642	0	6.669471	8.888184	-105.7086	-6.394043	6.735741
1.72	-4.566964	-4.094406	9.238599	0	5.345216	7.875897	-74.50159	-20.92839	15.88783
1.74	-6.734664	-3.684668	-3.412891	0	7.445168	11.60198	-161.0678	1.20901	9.326744
1.76	-4.510858	-3.411509	8.136961	0	5.75568	9.764062	-102.3188	-23.47801	22.22308
1.78	-5.557968	-3.070061	1.33817	0	6.742476	10.95921	-155.5362	5.483819	9.941649
1.8	-2.948816	-2.728612	14.39026	0	4.257726	7.514834	-86.00427	-8.317707	16.34771
1.82	-3.58447	-1.431108	8.431983	0	5.355407	9.070373	-157.6238	7.880766	1.704956
1.84	-2.265324	-2.387164	14.32384	0	2.405785	5.572303	-95.34233	-6.668852	6.157916
1.86	-2.580881	-0.9530802	9.868838	0	2.724089	6.192721	-134.405	-0.3024408	-1.593497
1.88	-2.058547	-0.9530802	10.451	0	1.644014	5.379833	-120.9576	-33.12687	1.381509
1.9	-1.465637	-1.08966	11.56944	0	-0.02279067	2.861874	-85.16426	-28.1345	-0.6482763
1.92	-0.7693882	0.002975464	12.38012	0	-0.4598736	2.046165	-80.48016	-41.08107	-3.101925
1.94	-0.541659	0.002975464	10.96167	0	-1.119371	1.131838	-71.99	-31.43221	-5.282238
1.96	0.4382279	0.9590311	13.14872	0	-1.572393	0.4505946	-62.7687	-40.63832	-5.072458
1.98	0.41915	0.6858721	10.43932	0	-2.22676	-0.5368348	-55.44219	-36.98946	-8.700012
2	0.8241942	1.573638	9.666094	0	-2.158361	-0.278043	-58.69198	-36.69938	-7.152295
2.02	1.3456	1.573638	9.938806	0	-2.783731	-1.275663	-41.62662	-37.08106	-7.415289
2.04	1.763319	1.915086	9.617756	0	-3.166854	-2.055148	-30.8028	-34.76046	-8.738515
2.06	2.715503	2.871142	11.74978	0	-3.267654	-2.385692	-27.79517	-17.50855	-9.399574
2.08	2.459471	2.871142	7.732809	0	-3.108521	-2.019068	-44.18568	-17.1574	-12.85075
2.1	3.181697	3.21259	9.202232	0	-3.696809	-2.67468	-27.76521	-19.81389	-9.904146
2.12	1.9582	2.256536	1.105299	0	-3.851393	-2.876517	-27.95474	-16.14977	-12.52675
2.14	2.260736	2.597983	1.337163	0	-3.942651	-3.098525	0.1613541	-16.2719	-4.559456
2.16	1.205086	1.641927	-4.856326	0	-3.519881	-3.125484	12.92951	-9.997096	-4.540727
2.18	1.997185	2.256536	-1.270503	0	-2.952931	-3.098648	42.40032	7.315879	2.792398
2.2	2.543711	2.597983	0.8526942	0	-1.997353	-2.833848	43.21337	16.90366	0.1956358
2.22	2.259773	1.915086	-0.7503804	0	-1.5654	-2.688601	44.7154	29.8197	-1.43349
2.24	1.58215	1.300479	-3.880274	0	-1.112258	-2.232955	48.89775	33.04107	0.6960177
2.26	0.7724957	0.6175833	-7.11747	0	-0.507163	-1.65814	58.53224	27.39221	4.81597
2.28	1.210357	1.02732	-3.90676	0	0.3461363	-1.099879	70.70966	19.10214	9.634225
2.3	0.758732	0.4127131	-5.058338	0	1.202715	-0.5470285	66.70271	17.34641	7.733929
2.32	1.004745	0.6858721	-2.639227	0	2.075918	0.3947145	61.71586	27.27008	10.17044
2.34	1.586413	1.02732	1.286528	0	2.655305	0.912624	51.08071	30.21664	8.665988
2.36	2.145617	1.300479	4.789145	0	2.759577	1.063727	35.72545	30.21664	4.910733
2.38	1.128775	0.3444233	0.3931246	0	2.504354	1.255604	16.73991	27.88076	0.8256433
2.4	0.8998275	0.6858721	-0.09052467	0	2.561162	2.064469	6.132269	22.26244	5.002197
2.42	0.6335422	0.6858721	-0.8459536	0	2.71086	2.634582	-6.044082	-5.233738	5.460342
2.44	0.3982324	0.3444233	-1.231421	0	2.477107	2.545269	-4.478468	-10.88259	6.24289
2.46	0.6974258	0.3444233	1.089878	0	1.974706	1.751932	9.721802	-3.60015	6.756562
2.48	0.2832051	0.3444233	-0.6636687	0	2.213415	2.0952	-2.840708	-1.249005	4.415027
2.5	0.4184637	0.3444233	0.5570084	0	2.070533	2.053603	1.143468	1.80443	6.298163
2.52	1.409642	1.300479	5.547274	0	2.100394	1.977887	-3.67076	-1.355876	5.119172
2.54	1.442704	1.23219	5.364518	0	1.897328	1.891771	-21.79851	-0.3787767	-0.5651746
2.56	1.338775	1.300479	4.414566	0	1.517411	2.013598	-34.54099	-0.2261049	-1.364516
2.58	0.9118596	1.300479	1.744323	0	1.334421	2.4219	-48.90466	-5.829158	-1.351005
2.6	0.7735555	1.02732	0.9034857	0	0.6813552	1.896655	-38.60974	-19.95129	0.6952276
2.62	0.5329327	0.9590311	-0.5256689	0	0.4102989	1.547339	-31.7978	-19.21847	1.191148
2.64	0.7805092	0.9590311	0.6620779	0	0.009248868	0.7758353	-13.14153	-19.0658	2.606411
2.66	0.8115718	1.02732	0.5487764	0	0.02404067	0.471834	-8.040975	-7.432211	1.441629
2.68	0.7335294	0.6858721	0.1364549	0	-0.1922286	-0.05925333	4.80877	0.1250407	1.621865
2.7	0.4477248	0.6858721	-1.416951	0	0.1568321	0.2615865	4.102128	-0.6383187	2.241181
2.72	0.4284733	0.6175833	-1.379982	0	0.4333539	0.4812425	9.210871	0.8425973	4.242224
2.74	0.6759756	0.6175833	0.1171275	0	0.5492178	0.289704	17.86292	0.2013757	4.698962
2.76	0.774795	0.6858721	0.7269454	0	0.8146577	0.3853272	16.04924	4.262444	3.527402
2.78	0.8143755	0.6858721	1.043412	0	1.001794	0.5880541	12.32489	10.14031	3.089581
2.8	0.7771832	0.6858721	0.9630834	0	1.15619	0.8538824	6.800251	6.033437	2.829205
2.82	0.8114582	0.6858721	1.281668	0	1.166256	0.943887	4.598913	2.002903	2.909457
2.84	0.648347	0.5492926	0.6164864	0	1.145902	0.9984105	1.972163	0.6135896	2.520625
2.86	0.7155033	0.5492926	1.170233	0	1.007294	0.8421714	5.706413	-0.4398449	3.180244
2.88	0.7547536	0.6858721	1.409234	0	1.068756	0.9174932	2.3683	-0.2566392	2.601376
2.9	0.6713172	0.6175833	1.041915	0	1.071179	1.005447	-0.7979306	0.01817001	2.279957
2.92	0.6846628	0.6175833	1.192744	0	0.9986624	0.9773512	-0.478411	0.1708418	2.577789
2.94	0.5732357	0.5492926	0.6958168	0	0.9717526	0.9840519	-1.607972	-0.04289871	2.35164
2.96	0.6454151	0.6175833	1.128281	0	0.9302832	0.9499731	-0.2546464	-0.1039674	2.83689
2.98	0.7045234	0.6858721	1.415636	0	0.9345527	0.9420565	-1.681165	0.01817001	2.36334
3	0.729035	0.6858721	1.514219	0	0.8825883	0.9042715	-2.751964	0.06397155	1.974098
3.02	0.7265311	0.6858721	1.459615	0	0.8108965	0.8582183	-3.464436	-0.05816589	1.738994
3.04	0.687807	0.6858721	1.204459	0	0.7657311	0.8584875	-4.511576	0.01817001	1.65756
3.06	0.7014796	0.6858721	1.234359	0	0.6843713	0.7816832	-3.364711	-0.4398449	1.808943
3.08	0.6091301	0.6858721	0.6865587	0	0.7241312	0.8759412	-5.609677	0.0487048	1.687952
3.1	0.6393878	0.6858721	0.8251051	0	0.6864502	0.8470365	-3.913554	-0.04289871	2.206694
3.12	0.5776523	0.6858721	0.4636279	0	0.7481852	0.9290202	-5.572825	-0.08870025	2.042058
3.14	0.5261596	0.6175833	0.2320172	0	0.7500707	0.9442842	-4.598708	0.03343719	2.411203
3.16	0.6148043	0.6858721	0.7025664	0	0.7598354	0.9113433	-2.95026	0.00290283	2.692378
3.18	0.5452289	0.6175833	0.3642123	0	0.7940757	0.9247454	-3.8735	0.1097731	2.225303
3.2	0.5713547	0.6175833	0.5495672	0	0.7833534	0.9037436	-2.420128	-0.02763153	2.588841
3.22	0.6147109	0.6858721	0.7652014	0	0.8378598	0.9520817	-3.585977	-0.01236435	2.420781
3.24	0.6682115	0.6858721	1.041477	0	0.8106454	0.9082534	-3.613907	0.0487048	2.178653
3.26	0.6494948	0.6858721	0.9196035	0	0.8021182	0.9215158	-5.220005	-0.01236435	1.822516
3.28	0.628256	0.6858721	0.7890687	0	0.7840662	0.9508042	-6.248563	-0.1650361	1.860653
3.3	0.7005699	0.6858721	1.161036	0	0.6676004	0.7922776	-3.762008	-0.1039674	1.919739
3.32	0.6051174	0.6858721	0.6045722	0	0.7022676	0.8641183	-6.546743	-0.08870025	1.446297
3.34	0.5395485	0.6175833	0.2853441	0	0.6698123	0.8752993	-5.64525	0.1555746	1.953986
3.36	0.5155992	0.6175833	0.1874835	0	0.6826237	0.8833024	-4.648488	-0.2871732	2.286262
3.38	0.6124125	0.6858721	0.6882102	0	0.694352	0.8478827	-3.306054	-1.340609	2.430772
3.4	0.6671759	0.6858721	0.9539248	0	0.6724867	0.7640302	-2.929626	0.4761854	1.918306
3.42	0.6726407	0.6858721	0.9476119	0	0.6510112	0.7360356	-3.539965	-0.1039674	1.586657
3.44	0.6090236	0.6858721	0.5728	0	0.6848894	0.8349352	-5.895497	-0.08870025	1.513574
3.46	0.5853264	0.6858721	0.4336329	0	0.697179	0.9064653	-6.676623	0.00290283	1.842164
3.48	0.6200142	0.6858721	0.6146435	0	0.6565813	0.8498959	-5.507525	0.06397155	1.954114
3.5	0.5298838	0.6175833	0.1640906	0	0.6536191	0.8468198	-5.892229	-0.08870025	1.730243
3.52	0.5242153	0.6175833	0.17352	0	0.6508522	0.8471054	-4.573858	-0.01236435	2.193338
3.54	0.5197524	0.6175833	0.1833265	0	0.6801756	0.8538049	-4.183732	0.09450591	2.21907
3.56	0.5510933	0.6175833	0.3854787	0	0.6843876	0.8242698	-3.242439	0.01817001	2.245549
3.58	0.4903899	0.6175833	0.08603173	0	0.7730389	0.9484882	-5.707897	-0.05816589	2.054953
3.6	0.5437474	0.6175833	0.4190437	0	0.7563137	0.9305533	-4.569863	0.0487048	2.381764
3.62	0.5680891	0.6175833	0.5775583	0	0.7365428	0.8744503	-4.435656	0.01817001	2.038911
3.64	0.5679934	0.6175833	0.5931695	0	0.7198657	0.8583044	-4.910726	-0.04289871	1.840432
3.66	0.5480036	0.6175833	0.4966098	0	0.7155255	0.8803156	-5.81638	-0.02763153	1.775183
3.68	0.5521344	0.6175833	0.5295954	0	0.6891019	0.8665591	-5.765696	0.0487048	1.828658
3.7	0.5288352	0.6175833	0.4084043	0	0.6889231	0.8853396	-6.539561	-0.05816589	1.75052
3.72	0.5761921	0.6175833	0.6678994	0	0.622718	0.7928079	-4.909803	-0.02763153	1.837678
3.74	0.5267157	0.6175833	0.3884358	0	0.6418442	0.8256966	-6.432937	0.07923873	1.522493
3.76	0.5380171	0.6175833	0.4477584	0	0.6186527	0.8179224	-5.896473	-0.02763153	1.769963
3.78	0.5300164	0.6175833	0.3977752	0	0.6146275	0.811028	-6.058002	-0.02763153	1.679222
3.8	0.5057669	0.6175833	0.2626035	0	0.6333859	0.85215	-6.803279	0.01817001	1.70191
3.82	0.5046937	0.6175833	0.2596914	0	0.6385756	0.8703897	-6.865508	-0.1192346	1.822912
3.84	0.587299	0.6858721	0.6564969	0	0.6359041	0.8555939	-6.812021	-0.01236435	1.812215
3.86	0.504365	0.6175833	0.2105035	0	0.6393541	0.8798442	-8.569445	0.00290283	1.345056
3.88	0.551724	0.6858721	0.4268263	0	0.6398333	0.922308	-8.780243	0.03343719	1.753344
3.9	0.4855739	0.6175833	0.08330446	0	0.6237147	0.9146171	-9.418588	-0.3329751	1.47998
3.92	0.4208618	0.5492926	-0.1986765	0	0.5833231	0.8783634	-7.92115	-0.1345014	1.799114
3.94	0.5159061	0.6858721	0.2686883	0	0.6371154	0.9278325	-7.914189	-0.05816589	2.118313
3.96	0.5942192	0.6858721	0.6487278	0	0.6047956	0.8400965	-7.521815	0.09450591	1.637159
3.98	0.6113014	0.6858721	0.6890693	0	0.5601526	0.7813582	-8.095385	-0.05816589	1.169905
4	0.5797677	0.6858721	0.4663968	0	0.5366302	0.7965057	-9.374006	-0.1192346	1.019827
4.02	0.5704292	0.6858721	0.3714529	0	0.4968045	0.7856542	-9.368371	-1.676486	1.153136
4.04	0.5977615	0.6858721	0.4734203	0	0.4268559	0.6911356	-7.907935	-3.798624	1.177299
4.06	0.5679746	0.6858721	0.2592477	0	0.416849	0.678904	-8.245246	-2.867326	1.004322
4.08	0.5384833	0.6175833	0.1064628	0	0.348876	0.582715	-6.001986	-2.119235	1.17421
4.1	0.4831005	0.6175833	-0.1941258	0	0.3857803	0.6175779	-5.846929	-2.19557	1.324239
4.12	0.5718257	0.6858721	0.2439286	0	0.4131085	0.6172892	-4.56654	0.6441244	1.674478
4.14	0.6417814	0.6858721	0.5788558	0	0.3889524	0.5185681	-3.578675	-0.2719064	1.238885
4.16	0.6033678	0.6858721	0.3251753	0	0.4241396	0.5728931	-5.632498	-0.08870025	0.8470032
4.18	0.6101365	0.6858721	0.333727	0	0.4104131	0.5896175	-5.72772	0.0487048	1.05145
4.2	0.6299871	0.6858721	0.4128903	0	0.372763	0.5376768	-5.137348	-0.1039674	0.9926815
4.22	0.5996194	0.6858721	0.2175285	0	0.3787406	0.5587795	-6.02677	-0.3177075	0.8545293
4.24	0.5473066	0.6858721	-0.08379287	0	0.4228377	0.6602155	-7.585403	-0.3940434	1.009213
4.26	0.576219	0.6858721	0.06936377	0	0.4048656	0.6433311	-6.566586	-1.401677	1.302502
4.28	0.6568882	0.6858721	0.4912324	0	0.3201549	0.474425	-3.924374	-3.447479	1.130378
4.3	0.671189	0.6858721	0.5305831	0	0.2717074	0.3699374	-3.347879	0.4151167	0.6452301
4.32	0.6575294	0.6858721	0.4147531	0	0.2484989	0.3474868	-3.465989	-0.3482423	0.5331655
4.34	0.5775848	0.6858721	-0.05076671	0	0.3081233	0.4736266	-5.713479	-0.2871732	0.5910347
4.36	0.5445713	0.6858721	-0.2349922	0	0.3584655	0.5869375	-6.584631	-1.737555	1.048528
4.38	0.6601794	0.6858721	0.3913397	0	0.2673437	0.4135344	-2.817661	-1.065799	1.24968
4.4	0.5004582	0.6858721	-0.4911498	0	0.4220094	0.6382323	-8.301579	-0.1955705	0.5801575
4.42	0.5934638	0.6858721	0.03711787	0	0.3683845	0.5991258	-5.47394	0.2777116	1.48774
4.44	0.6465172	0.6858721	0.3216374	0	0.3137858	0.4546334	-4.101974	-0.149769	0.9431741
4.46	0.6314538	0.6858721	0.2229068	0	0.3021789	0.4339133	-4.774516	-0.1039674	0.6001976
4.48	0.5459632	0.6175833	-0.2009476	0	0.2867101	0.4456375	-4.990911	0.03343719	0.6430256
4.5	0.5814875	0.6858721	-0.02115649	0	0.312616	0.4928456	-4.831695	0.09450591	1.069679
4.52	0.6406233	0.6858721	0.2859019	0	0.2774715	0.409151	-3.71766	-0.04289871	0.8834038
4.54	0.6047932	0.6858721	0.07069513	0	0.3021952	0.4476579	-5.430678	0.03343719	0.5247951
4.56	0.5653279	0.6175833	-0.1014187	0	0.2529089	0.4058064	-4.383083	0.09450591	0.6965103
4.58	0.5296923	0.6175833	-0.2627617	0	0.2642124	0.4220628	-4.158982	-0.1192346	0.8584527
4.6	0.5359706	0.6175833	-0.1969793	0	0.2743194	0.4190598	-3.362334	-0.1650361	1.043442
4.62	0.5364887	0.6175833	-0.166197	0	0.3004169	0.4300163	-3.354569	-0.05816589	1.001455
4.64	0.5174731	0.6175833	-0.2392931	0	0.3477084	0.4934584	-4.345676	0.01817001	0.9865186
4.66	0.5834225	0.6175833	0.1493165	0	0.3051291	0.4143518	-2.687388	-0.08870025	1.074025
4.68	0.5805902	0.6175833	0.1457584	0	0.2987139	0.3849394	-3.272398	0.01817001	0.6554005
4.7	0.5893053	0.6175833	0.2012278	0	0.2715135	0.3620874	-3.264659	0.06397155	0.6160455
4.72	0.5606189	0.6175833	0.04868299	0	0.2753899	0.390722	-4.326025	-0.02763153	0.5092851
4.74	0.5547369	0.6175833	0.02317083	0	0.2647373	0.4030523	-4.532065	-0.01236435	0.6230325
4.76	0.5422643	0.6175833	-0.03967676	0	0.2635736	0.4158171	-4.947549	-0.01236435	0.6144826
4.78	0.6033598	0.6858721	0.2435613	0	0.2707714	0.4345791	-5.512218	-0.02763153	0.6491065
4.8	0.5227035	0.6175833	-0.1837741	0	0.2695777	0.4623271	-7.113537	-0.02763153	0.2945687
4.82	0.5492401	0.6175833	-0.02637559	0	0.2089168	0.4029003	-5.387284	0.03343719	0.6845685
4.84	0.5759926	0.6858721	0.06539786	0	0.2361386	0.4318227	-6.546989	-0.04289871	0.4930871
4.86	0.5816032	0.6858721	0.05357283	0	0.2326995	0.4489984	-7.532169	0.00290283	0.3452402
4.88	0.543319	0.6858721	-0.1876252	0	0.2497456	0.5174463	-9.302494	-0.08870025	0.2858449
4.9	0.5815588	0.6858721	-0.004586101	0	0.1899666	0.456535	-8.11887	-0.05816589	0.4733201
4.92	0.5733303	0.6858721	-0.08417964	0	0.1617698	0.4153267	-8.226579	0.03343719	0.222836
4.94	0.5364995	0.6858721	-0.3150924	0	0.1703512	0.4551425	-9.109847	-0.08870025	0.2421614
4.96	0.5380368	0.6858721	-0.3279637	0	0.1593421	0.4559262	-8.729332	-0.2261049	0.4401858
4.98	0.5394015	0.6858721	-0.3407508	0	0.1540034	0.4416626	-8.464559	-0.5161809	0.4282016
5	0.4401718	0.6175833	-0.8409394	0	0.1780746	0.487352	-9.069765	-1.584883	0.41859
5.02	0.5794681	0.6858721	-0.09912705	0	0.124292	0.3749585	-5.567944	-2.516181	0.9595729
5.04	0.543213	0.6858721	-0.3275634	0	0.1777253	0.4036502	-7.715703	-1.997097	0.1949232
5.06	0.7306005	0.6858721	0.6609228	0	-0.01354232	0.09525095	-1.989992	-0.4703793	0.3952829
5.08	0.6018285	0.6858721	-0.1051065	0	0.04552209	0.1669822	-6.246657	-1.355876	-0.7169702
5.1	0.6385986	0.6858721	0.05799851	0	-0.02014167	0.1405454	-4.568696	0.2777116	-0.01671708
5.12	0.4842687	0.6175833	-0.7652137	0	0.03037551	0.2338072	-6.651877	-1.126868	-0.2417493
5.14	0.5370594	0.6858721	-0.495749	0	0.06655267	0.306234	-5.705662	-2.165036	0.6157899
5.16	0.6630333	0.6858721	0.1655941	0	-0.01470749	0.1070504	-2.389667	-1.340609	0.3702945
5.18	0.5200559	0.6858721	-0.6442118	0	0.122232	0.3099391	-7.73027	-0.08870025	-0.3489197
5.2	0.6370023	0.6858721	-0.008205384	0	0.02743882	0.2084793	-4.198467	0.1708418	0.4594179
5.22	0.569286	0.6175833	-0.3496681	0	-0.007258508	0.1170666	-4.101982	-0.08870025	-0.2305553
5.24	0.6209081	0.6858721	-0.1009857	0	-0.01212266	0.115621	-3.449305	-0.2108373	0.09174681
5.26	0.5685644	0.6858721	-0.4125971	0	0.0511096	0.2144461	-5.920448	-0.149769	-0.1926844
5.28	0.6350232	0.6858721	-0.06352931	0	-0.006559711	0.1447771	-4.160373	0.09450591	0.09732324
5.3	0.6144029	0.6858721	-0.2006179	0	-0.007821061	0.1326022	-5.067875	-0.1803033	-0.3078836
5.32	0.6007335	0.6858721	-0.293207	0	-0.01285745	0.1543593	-5.508302	-0.05816589	-0.2228548
5.34	0.6044236	0.6858721	-0.2886998	0	-0.03091875	0.1402232	-5.288473	-1.432212	-0.171331
5.36	0.6602287	0.6858721	-0.007361367	0	-0.1049506	0.01562429	-3.292301	-2.836792	-0.2152659
5.38	0.6549492	0.6858721	-0.07304779	0	-0.1344438	-0.0435833	-3.212195	-0.2108373	-0.5614219
5.4	0.587516	0.6858721	-0.4697679	0	-0.09057975	0.05345263	-5.093446	-0.1192346	-0.5558689
5.42	0.4416128	0.5492926	-1.164338	0	-0.0916566	0.09258644	-4.537892	0.1250407	-0.1769779
5.44	0.5564165	0.6858721	-0.5530074	0	-0.03715697	0.1366674	-2.986392	0.01817001	0.605507
5.46	0.626218	0.6858721	-0.1892612	0	-0.02815026	0.06923173	-2.709698	-0.02763153	0.03282481
5.48	0.6128575	0.6858721	-0.277683	0	-0.0003182516	0.1101046	-4.571785	-0.1039674	-0.3677437
5.5	0.6209863	0.6858721	-0.2409528	0	-0.01866592	0.1205066	-5.101309	0.09450591	-0.3327417
5.52	0.6547966	0.6858721	-0.07077973	0	-0.08419813	0.03827833	-4.310437	0.03343719	-0.4343657
5.54	0.6170042	0.6858721	-0.2997288	0	-0.09393235	0.04762226	-5.509729	-0.1039674	-0.6889475
5.56	0.5975561	0.6858721	-0.4222269	0	-0.1068523	0.07024761	-5.870302	-0.07343306	-0.5233861
5.58	0.5032294	0.6175833	-0.8931474	0	-0.1078476	0.09705493	-6.135274	-0.3482423	-0.4447576
5.6	0.4732881	0.6175833	-1.010656	0	-0.08006155	0.1452216	-5.508575	-2.821525	0.04812175
5.62	0.6428623	0.6858721	-0.10685	0	-0.1386413	-0.0139512	-1.907407	-0.6077843	0.2233254
5.64	0.6461344	0.6858721	-0.1296185	0	-0.1308868	-0.06241869	-3.27562	-0.7451885	-0.7205262
5.66	0.529562	0.6858721	-0.7853134	0	-0.02608038	0.1662042	-7.897388	0.00290283	-0.7707552
5.68	0.6312276	0.6858721	-0.23053	0	-0.1222526	0.06477815	-4.911711	-0.05816589	-0.1349965
5.7	0.5950186	0.6858721	-0.4492928	0	-0.1208085	0.04788075	-6.291351	-0.04289871	-0.7563945
5.72	0.544039	0.6175833	-0.688724	0	-0.1743564	0.004590655	-5.303088	-0.05816589	-0.5945997
5.74	0.4853562	0.6175833	-0.9770975	0	-0.1437044	0.05915692	-5.594295	-0.241372	-0.3676097
5.76	0.6090746	0.6858721	-0.3277209	0	-0.1684907	-0.0132331	-3.334436	0.1708418	-0.04163074
5.78	0.5513821	0.6175833	-0.6220972	0	-0.1699714	-0.05394844	-4.026106	-0.05816589	-0.7212037
5.8	0.5173073	0.6175833	-0.7836937	0	-0.1476322	0.004426293	-4.422637	-0.01236435	-0.4424744
5.82	0.5114543	0.6175833	-0.7880275	0	-0.1260647	0.03539407	-4.397485	-0.3482423	-0.2687376
5.84	0.5420904	0.6175833	-0.5965707	0	-0.1362773	-0.0009446032	-3.543309	-0.3482423	-0.2493885
5.86	0.6478623	0.6858721	-0.06309956	0	-0.1607893	-0.07125505	-2.919072	-0.2871732	-0.4487159
5.88	0.547467	0.6175833	-0.5995556	0	-0.1490058	-0.03284371	-5.375023	0.03343719	-1.065503
5.9	0.5485801	0.6175833	-0.5754071	0	-0.1862817	-0.03291013	-4.574883	-0.05816589	-0.574344
5.92	0.5905542	0.6858721	-0.3915046	0	-0.1701873	-0.01196655	-5.300185	-1.065799	-0.6267996
5.94	0.5883515	0.6175833	-0.392444	0	-0.2497392	-0.1265308	-4.016508	-2.165036	-0.8683565
5.96	0.5199423	0.6858721	-0.8123569	0	-0.1476982	0.06182881	-7.8521	0.5372537	-0.9264304
5.98	0.5514285	0.6175833	-0.6106776	0	-0.2386466	-0.04220092	-5.14964	-0.1192346	-0.5296972
6	0.6217409	0.6858721	-0.2778942	0	-0.2686962	-0.1253936	-4.34799	-0.02763153	-0.7624955
6.02	0.5947635	0.6858721	-0.4750681	0	-0.255513	-0.09886936	-6.054041	-0.01236435	-1.1652
6.04	0.6078732	0.6858721	-0.4426117	0	-0.2913472	-0.1152966	-5.841736	0.03343719	-1.034925
6.06	0.5939432	0.6858721	-0.5576704	0	-0.3089321	-0.1247544	-6.189038	0.0487048	-1.136176
6.08	0.5818727	0.6858721	-0.6574761	0	-0.3211857	-0.1222414	-6.292786	-0.1650361	-1.077724
6.1	0.5486391	0.6858721	-0.8651664	0	-0.3003941	-0.07369576	-7.086193	0.09450591	-1.019707
6.12	0.5717	0.6858721	-0.7578396	0	-0.3204941	-0.1012061	-6.112865	-0.07343306	-0.8299
6.14	0.478147	0.6175833	-1.230515	0	-0.3032976	-0.07883101	-6.560482	-0.01236435	-0.9611878
6.16	0.4726228	0.6175833	-1.219035	0	-0.2873586	-0.05913942	-5.314618	0.0487048	-0.4543716
6.18	0.5395838	0.6858721	-0.8710114	0	-0.2354241	-0.03235854	-5.28945	-0.07343306	-0.4111276
6.2	0.5527155	0.6858721	-0.8094552	0	-0.1981518	0.0006750003	-6.599768	-0.02763153	-0.7546192
6.22	0.5799081	0.6858721	-0.6661359	0	-0.216669	-0.01291334	-6.859828	-0.07343306	-0.848322
6.24	0.592429	0.6858721	-0.6088213	0	-0.2542309	-0.05272466	-7.058921	0.0487048	-1.053291
6.26	0.6028766	0.6858721	-0.5703748	0	-0.3073696	-0.1093427	-6.845305	0.03343719	-1.18653
6.28	0.5476288	0.6858721	-0.8922532	0	-0.2973454	-0.05687693	-8.475431	-0.05816589	-1.30526
6.3	0.5239772	0.6858721	-1.030291	0	-0.2943788	-0.00816367	-8.94689	0.00290283	-1.029954
6.32	0.5203763	0.6858721	-1.054982	0	-0.2969249	-0.001073286	-8.853619	-0.4703793	-0.9162722
6.34	0.5243846	0.6858721	-1.038061	0	-0.3019869	-0.0118123	-8.636005	-0.8062572	-0.9099182
6.36	0.5084274	0.6175833	-1.080551	0	-0.3678035	-0.1236411	-6.570175	-1.859692	-0.9469081
6.38	0.512729	0.6858721	-1.080253	0	-0.3136937	-0.06018513	-7.509998	0.3693151	-0.9053313
6.4	0.6264205	0.6858721	-0.4817975	0	-0.4011472	-0.2231192	-4.573238	0.00290283	-0.9061173
6.42	0.5611681	0.6858721	-0.8732202	0	-0.3613324	-0.1755856	-7.187266	-0.1345014	-1.574206
6.44	0.5113184	0.6858721	-1.157322	0	-0.3203093	-0.04875353	-8.9413	-0.2108373	-1.230997
6.46	0.5170969	0.6858721	-1.125379	0	-0.3203368	-0.02424593	-8.828582	-2.668853	-0.9633594
6.48	0.4496157	0.6175833	-1.437836	0	-0.3277276	-0.03249675	-8.631655	-0.9131275	-1.012528
6.5	0.6013945	0.6858721	-0.625348	0	-0.4103575	-0.1963671	-4.83505	-1.890227	-0.6752176
6.52	0.5037074	0.6858721	-1.186365	0	-0.3139032	-0.07812575	-8.985483	0.2166433	-1.536465
6.54	0.6001122	0.6858721	-0.6695483	0	-0.4037156	-0.1762888	-6.263096	-0.1803033	-0.9975324
6.56	0.4796679	0.5492926	-1.248277	0	-0.4749974	-0.3020051	-5.2868	-0.6535854	-1.58223
6.58	0.3497679	0.4810038	-1.834795	0	-0.4663161	-0.2723967	-3.931344	0.3082464	-0.9939224
6.6	0.5628038	0.6858721	-0.7284262	0	-0.4092665	-0.265908	-1.7695	-0.1955705	-0.2800893
6.62	0.6114626	0.6858721	-0.517747	0	-0.3646445	-0.2821323	-3.846677	-0.04289871	-1.375901
6.64	0.6157759	0.6858721	-0.5350093	0	-0.3678725	-0.2428915	-5.877318	-0.05816589	-1.665061
6.66	0.5948794	0.6858721	-0.6817904	0	-0.390169	-0.2074269	-7.530861	0.01817001	-1.753844
6.68	0.6053071	0.6858721	-0.6565758	0	-0.4572404	-0.2529528	-7.32604	-0.08870025	-1.70763
6.7	0.5935358	0.6858721	-0.7598524	0	-0.508347	-0.2977502	-7.359023	-0.1650361	-1.831815
6.72	0.4767388	0.6175833	-1.377829	0	-0.5173849	-0.2664073	-8.049316	0.1403074	-1.811074
6.74	0.4461515	0.6175833	-1.519434	0	-0.5057524	-0.2282585	-7.032143	-0.07343306	-1.190361
6.76	0.4555919	0.6175833	-1.443558	0	-0.4830733	-0.2367434	-5.832537	0.06397155	-0.9995084
6.78	0.5111573	0.6175833	-1.122349	0	-0.4957096	-0.3180394	-3.905163	0.01817001	-1.025168
6.8	0.5800942	0.6858721	-0.7930388	0	-0.4619677	-0.318314	-4.500244	0.0487048	-1.331788
6.82	0.5143686	0.6175833	-1.133126	0	-0.4532855	-0.291548	-5.966707	-0.01236435	-1.706724
6.84	0.5157426	0.6175833	-1.104362	0	-0.4743483	-0.2914295	-5.420787	0.00290283	-1.393203
6.86	0.4914866	0.6175833	-1.220367	0	-0.4579726	-0.2653322	-6.008853	-0.1039674	-1.439603
6.88	0.5328394	0.6175833	-0.9809268	0	-0.4972189	-0.329571	-4.618585	0.07923873	-1.329351
6.9	0.4974666	0.6175833	-1.168704	0	-0.4707522	-0.2967163	-5.874958	0.1097731	-1.596441
6.92	0.5135477	0.6175833	-1.070946	0	-0.486232	-0.304267	-5.444124	0.09450591	-1.424675
6.94	0.486339	0.6175833	-1.212006	0	-0.4637909	-0.2659018	-6.490817	0.03343719	-1.546901
6.96	0.5973326	0.6858721	-0.6547174	0	-0.4990603	-0.320005	-5.524678	0.03343719	-1.42146
6.98	0.5003923	0.6175833	-1.17907	0	-0.4950635	-0.2985828	-7.718993	-0.05816589	-2.063641
7	0.4268764	0.5492926	-1.512952	0	-0.5369598	-0.301554	-6.692185	-0.02763153	-1.585655
7.02	0.5202212	0.6858721	-1.057644	0	-0.492252	-0.25139	-6.754075	-0.2261049	-1.229502
7.04	0.5801315	0.6858721	-0.7799525	0	-0.515292	-0.3134291	-6.905736	-0.1345014	-1.710738
7.06	0.5508693	0.6858721	-0.9859033	0	-0.5115687	-0.276532	-8.960684	-0.409311	-2.076466
7.08	0.4127391	0.5492926	-1.66391	0	-0.565378	-0.2891508	-8.679914	-0.9589291	-1.955534
7.1	0.55641	0.6858721	-0.9308183	0	-0.6007745	-0.3529958	-5.994736	-2.958929	-1.263734
7.12	0.589393	0.6858721	-0.8132532	0	-0.620468	-0.4386244	-6.296555	-1.508548	-2.037095
7.14	0.6593048	0.6858721	-0.4979308	0	-0.7230318	-0.5905479	-4.506279	-1.004731	-2.237142
7.16	0.500273	0.6858721	-1.427781	0	-0.6209482	-0.3855803	-9.643064	-1.081066	-2.671675
7.18	0.5589205	0.6175833	-1.088151	0	-0.7664967	-0.5510748	-4.688006	-1.203204	-1.775006
7.2	0.5546098	0.6858721	-1.175167	0	-0.7263644	-0.544343	-5.511702	-1.584883	-2.142728
7.22	0.6133372	0.6858721	-0.9064323	0	-0.7671632	-0.6189492	-3.963658	-2.180303	-2.07608
7.24	0.4511669	0.6175833	-1.77995	0	-0.6864769	-0.4842036	-6.946671	0.3998495	-2.396526
7.26	0.5448213	0.6175833	-1.243834	0	-0.7642559	-0.5979224	-2.452397	0.01817001	-1.484304
7.28	0.5104817	0.6175833	-1.427495	0	-0.7156368	-0.5998444	-3.10401	-0.3024408	-2.004209
7.3	0.4986526	0.6175833	-1.475886	0	-0.6669071	-0.5320239	-3.501735	0.03343719	-1.794263
7.32	0.6312081	0.6858721	-0.7918591	0	-0.6860555	-0.5990263	-2.042199	0.1403074	-1.71635
7.34	0.6175003	0.6858721	-0.9101988	0	-0.6634572	-0.5801387	-4.40892	-0.04289871	-2.459273
7.36	0.6315441	0.6858721	-0.8663588	0	-0.7040892	-0.5873421	-4.835969	-0.149769	-2.424293
7.38	0.5942863	0.6858721	-1.101807	0	-0.7140545	-0.5568214	-6.273857	-0.04289871	-2.562818
7.4	0.5326499	0.6175833	-1.409549	0	-0.768945	-0.5917419	-5.533747	0.00290283	-2.40088
7.42	0.4878945	0.6175833	-1.631601	0	-0.7596828	-0.5665178	-5.204659	-0.1039674	-2.113276
7.44	0.5459875	0.6858721	-1.346107	0	-0.7232498	-0.5342316	-4.975337	0.01817001	-1.864001
7.46	0.4866254	0.6175833	-1.6381	0	-0.7017901	-0.5174103	-5.686738	0.09450591	-2.155064
7.48	0.4077713	0.5492926	-1.976571	0	-0.6906179	-0.4879043	-5.146088	-0.01236435	-1.848933
7.5	0.4647652	0.6175833	-1.636023	0	-0.6450188	-0.4524085	-4.383139	0.0487048	-1.438634
7.52	0.5336991	0.6175833	-1.237546	0	-0.6582078	-0.5312418	-3.373828	-0.07343306	-1.73739
7.54	0.5354391	0.6175833	-1.21648	0	-0.6532959	-0.5399171	-4.340221	-0.02763153	-2.157468
7.56	0.5266814	0.6175833	-1.252726	0	-0.6580656	-0.5177037	-5.261722	-0.02763153	-2.222436
7.58	0.5976281	0.6858721	-0.9124775	0	-0.6750861	-0.5206983	-5.800978	0.03343719	-2.234298
7.6	0.5287418	0.6175833	-1.279557	0	-0.7126727	-0.5384709	-7.044307	0.01817001	-2.67357
7.62	0.5502971	0.6858721	-1.208165	0	-0.7153004	-0.4863759	-7.907182	-0.1345014	-2.376545
7.64	0.5439067	0.6858721	-1.282954	0	-0.7295268	-0.4764086	-8.869403	-0.1955705	-2.520577
7.66	0.549752	0.6858721	-1.287569	0	-0.7700756	-0.503939	-8.825423	-0.5925167	-2.520771
7.68	0.494628	0.6858721	-1.621074	0	-0.7513269	-0.4402691	-10.45263	-2.134502	-2.589807
7.7	0.5655637	0.6858721	-1.262263	0	-0.8415304	-0.5634881	-7.756948	-2.974196	-2.294988
7.72	0.552267	0.6858721	-1.379187	0	-0.8648481	-0.622256	-7.797471	-2.882593	-2.716563
7.74	0.552592	0.6858721	-1.418377	0	-0.8901457	-0.6492295	-7.293178	-1.325341	-2.652302
7.76	0.6058266	0.6858721	-1.173222	0	-0.9634718	-0.7774734	-5.040046	-1.462746	-2.654356
7.78	0.4203206	0.6175833	-2.172112	0	-0.875931	-0.6311102	-8.165037	-0.1803033	-2.958013
7.8	0.5447599	0.6858721	-1.515197	0	-0.9003984	-0.6615267	-4.869086	0.2013757	-1.906779
7.82	0.5321088	0.6858721	-1.614018	0	-0.8470755	-0.6501382	-6.192477	0.00290283	-2.556072
7.84	0.5604412	0.6175833	-1.428156	0	-0.9333075	-0.7905918	-3.320451	0.3693151	-2.466958
7.86	0.4541457	0.6175833	-1.988672	0	-0.847438	-0.6702585	-5.745798	-0.4856469	-2.671972
7.88	0.4763208	0.6175833	-1.830254	0	-0.8324245	-0.6366521	-4.62301	0.3998495	-2.069251
7.9	0.5716111	0.6175833	-1.288127	0	-0.8968173	-0.7995082	-1.655124	-0.07343306	-2.19051
7.92	0.6422429	0.7541609	-1.007118	0	-0.8140399	-0.7132047	-4.810849	-0.1039674	-2.75544
7.94	0.5328864	0.6175833	-1.570932	0	-0.8439985	-0.6936864	-6.509047	0.01817001	-3.13379
7.96	0.5081002	0.6175833	-1.674739	0	-0.8794646	-0.6862399	-5.827496	0.00290283	-2.624322
7.98	0.5068606	0.6175833	-1.660382	0	-0.8990412	-0.7206553	-4.969186	-0.3635091	-2.53528
8	0.5311059	0.6175833	-1.516868	0	-0.9270502	-0.7857431	-3.736576	-0.1039674	-2.553964
8.02	0.5462559	0.6858721	-1.481711	0	-0.8645825	-0.7023489	-5.683298	0.1403074	-2.712168
8.04	0.5301951	0.6175833	-1.547908	0	-0.9070719	-0.7469443	-5.175214	0.00290283	-2.784641
8.06	0.4957503	0.6175833	-1.721311	0	-0.9017466	-0.7246209	-5.616081	-0.04289871	-2.75346
8.08	0.4237796	0.5492926	-2.042306	0	-0.9093229	-0.7225028	-5.069919	-0.02763153	-2.58914
8.1	0.5576445	0.6858721	-1.3601	0	-0.8833892	-0.7148885	-4.273663	-0.05816589	-2.224801
8.12	0.5920982	0.6858721	-1.219835	0	-0.880957	-0.7428814	-5.623939	0.00290283	-2.940483
8.14	0.5508023	0.6175833	-1.434065	0	-0.9446232	-0.7974907	-5.684544	-0.02763153	-3.171386
8.16	0.510713	0.6175833	-1.648847	0	-0.9657481	-0.7885389	-5.87554	-0.1039674	-3.026855
8.18	0.554073	0.6858721	-1.463587	0	-0.954703	-0.7587923	-6.212624	0.06397155	-2.841991
8.2	0.5299754	0.6858721	-1.635989	0	-0.926034	-0.6994053	-8.057928	-0.08870025	-3.078259
8.22	0.3938654	0.5492926	-2.294136	0	-0.9528135	-0.6902003	-7.906009	0.01817001	-2.957349
8.24	0.5530277	0.6858721	-1.465683	0	-0.9802418	-0.7559873	-5.014052	-0.01236435	-2.258794
8.26	0.5372803	0.6858721	-1.598867	0	-0.9353668	-0.7388295	-7.271502	0.0487048	-3.115416
8.28	0.5370668	0.6858721	-1.629835	0	-0.9362685	-0.6969422	-8.214182	0.03343719	-3.035622
8.3	0.5786843	0.6858721	-1.432587	0	-1.001404	-0.7782876	-7.21169	-0.2261049	-3.064384
8.32	0.5423117	0.6858721	-1.667384	0	-1.008448	-0.7710528	-8.368213	-0.05816589	-3.343185
8.34	0.4740965	0.6175833	-2.013268	0	-1.047816	-0.7905884	-7.736616	-0.5925167	-3.169049
8.36	0.3953413	0.6175833	-2.415433	0	-0.988631	-0.6858192	-8.554561	-2.821525	-2.826285
8.38	0.5168549	0.6175833	-1.72637	0	-1.075053	-0.8650545	-3.759493	-2.913128	-2.363564
8.4	0.5735129	0.6858721	-1.474612	0	-1.045036	-0.9087422	-4.33724	-2.79099	-3.045588
8.42	0.4706848	0.5492926	-1.973587	0	-1.082064	-0.9540488	-4.121369	0.8273305	-3.343985
8.44	0.5354437	0.5492926	-1.576181	0	-1.182023	-1.122493	0.2772876	-0.4245782	-2.835663
8.46	0.5169384	0.6858721	-1.758204	0	-1.009588	-0.904191	-4.403323	-0.149769	-3.226375
8.48	0.6142688	0.6858721	-1.271063	0	-1.036957	-0.9221436	-3.886593	0.1403074	-3.05045
8.5	0.6547258	0.6858721	-1.103253	0	-1.099412	-1.018411	-4.060646	0.01817001	-3.622948
8.52	0.6226596	0.6858721	-1.33381	0	-1.13242	-1.017698	-5.542689	-0.1345014	-3.917142
8.54	0.5477337	0.6858721	-1.785244	0	-1.115392	-0.9133271	-7.74872	-0.3177075	-3.795454
8.56	0.5473509	0.6858721	-1.814912	0	-1.142233	-0.9047766	-7.26776	-1.035265	-3.400359
8.58	0.5392022	0.6858721	-1.886818	0	-1.151284	-0.9171829	-7.107916	-3.997097	-3.410252
8.6	0.5674173	0.6858721	-1.760305	0	-1.187979	-0.9818575	-5.833648	-1.966563	-3.366258
8.62	0.6169605	0.6858721	-1.527543	0	-1.253325	-1.111128	-3.89882	-1.035265	-3.528656
8.64	0.4197696	0.6175833	-2.580581	0	-1.151404	-0.9346017	-7.56912	-0.1192346	-3.818864
8.66	0.5720067	0.6858721	-1.7635	0	-1.201957	-1.004413	-3.478297	0.2013757	-2.709032
8.68	0.5869699	0.6858721	-1.714516	0	-1.188608	-1.068582	-3.938323	-0.4856469	-3.529645
8.7	0.5819121	0.6858721	-1.767263	0	-1.179874	-1.045327	-4.692361	0.01817001	-3.615926
8.72	0.5978897	0.6858721	-1.700933	0	-1.203889	-1.068503	-4.451404	-0.04289871	-3.604824
8.74	0.5808415	0.6858721	-1.815241	0	-1.205365	-1.059215	-5.091006	-0.07343306	-3.722341
8.76	0.6052876	0.6858721	-1.701655	0	-1.246201	-1.109802	-4.205831	-0.07343306	-3.650751
8.78	0.5516823	0.6858721	-2.014277	0	-1.212376	-1.046793	-5.84218	0.03343719	-3.815334
8.8	0.601358	0.6858721	-1.755655	0	-1.264575	-1.113799	-4.050329	0.00290283	-3.525
8.82	0.5322351	0.6175833	-2.100669	0	-1.289508	-1.16714	-3.657055	-0.1650361	-3.824583
8.84	0.5449892	0.6858721	-2.054231	0	-1.236785	-1.084759	-4.220296	0.0487048	-3.475482
8.86	0.5953882	0.6858721	-1.794795	0	-1.250135	-1.127643	-3.407939	0.00290283	-3.515936
8.88	0.5684032	0.6858721	-1.957866	0	-1.219069	-1.085074	-4.92456	-0.01236435	-3.80867
8.9	0.5700023	0.6858721	-1.954789	0	-1.220124	-1.06039	-5.245457	-0.04289871	-3.677055
8.92	0.5871061	0.6858721	-1.868433	0	-1.246122	-1.094083	-4.902107	0.03343719	-3.714733
8.94	0.5282971	0.6175833	-2.146547	0	-1.284467	-1.143961	-4.349459	0.0487048	-3.847284
8.96	0.4941058	0.6175833	-2.297177	0	-1.273488	-1.12149	-3.971332	-0.02763153	-3.575158
8.98	0.563383	0.6858721	-1.940696	0	-1.246192	-1.1072	-3.622301	-0.01236435	-3.394632
9	0.4695369	0.6175833	-2.411119	0	-1.194301	-1.032308	-5.643699	-0.02763153	-3.764849
9.02	0.5076607	0.6175833	-2.156342	0	-1.221982	-1.06096	-3.90127	-0.01236435	-3.274401
9.04	0.5135452	0.6175833	-2.093542	0	-1.220519	-1.094211	-3.727665	-0.1039674	-3.521724
9.06	0.282933	0.4127131	-3.155717	0	-1.213411	-1.063799	-3.892269	-0.07343306	-3.589872
9.08	0.5081217	0.6175833	-1.916379	0	-1.198795	-1.089411	-0.157109	-0.02763153	-2.389427
9.1	0.5421961	0.6175833	-1.736838	0	-1.14815	-1.116513	-2.177041	0.01817001	-3.595757
9.12	0.6512959	0.6858721	-1.199594	0	-1.173558	-1.133127	-3.154276	0.3998495	-3.823978
9.14	0.5503788	0.6175833	-1.751287	0	-1.194483	-1.09483	-6.383033	-0.4856469	-4.504128
9.16	0.4044997	0.5492926	-2.48123	0	-1.204275	-0.9854787	-8.001031	0.2929792	-4.061351
9.18	0.4931494	0.6175833	-1.992961	0	-1.256724	-1.039021	-5.545551	-0.7909905	-3.333306
9.2	0.5362948	0.6858721	-1.82267	0	-1.225128	-1.027136	-7.131833	-1.951295	-3.848001
9.22	0.6616917	0.6858721	-1.203718	0	-1.361902	-1.232551	-4.616584	-1.081066	-4.092079
9.24	0.5346777	0.6858721	-1.971964	0	-1.314491	-1.117143	-9.266027	-0.1803033	-4.864704
9.26	0.5524242	0.6858721	-1.922817	0	-1.379484	-1.119262	-8.317103	0.1250407	-4.189127
9.28	0.5479472	0.6858721	-2.000588	0	-1.421889	-1.175746	-7.8666	-1.340609	-4.315664
9.3	0.5818962	0.6858721	-1.871919	0	-1.492884	-1.285315	-6.027156	-2.897861	-4.300292
9.32	0.5993349	0.6858721	-1.842233	0	-1.547396	-1.388252	-4.698581	-2.409311	-4.49312
9.34	0.5547743	0.6858721	-2.14704	0	-1.529014	-1.358599	-5.431788	-0.2719064	-4.58284
9.36	0.4731344	0.6175833	-2.580401	0	-1.520521	-1.328928	-4.975839	-2.119235	-4.30165
9.38	0.569904	0.6858721	-2.094457	0	-1.523743	-1.37521	-2.578833	-1.691754	-3.824902
9.4	0.5931451	0.6858721	-2.012315	0	-1.505891	-1.414518	-2.616668	-0.8367916	-4.305723
9.42	0.5058451	0.6175833	-2.466087	0	-1.478253	-1.367083	-3.499798	0.06397155	-4.413168
9.44	0.6370653	0.6858721	-1.78315	0	-1.525866	-1.460027	-0.6165428	-0.3940434	-3.936327
9.46	0.576961	0.6858721	-2.149728	0	-1.453233	-1.381112	-3.683824	-0.2261049	-4.658959
9.48	0.6139858	0.6858721	-1.966198	0	-1.481973	-1.386571	-3.050136	-0.241372	-4.324427
9.5	0.5110776	0.6175833	-2.491438	0	-1.470293	-1.3536	-4.206394	-0.699387	-4.559558
9.52	0.5438057	0.6175833	-2.277303	0	-1.515105	-1.413305	-1.768932	0.1555746	-4.027412
9.54	0.6135296	0.6858721	-1.93394	0	-1.503576	-1.448898	-1.469484	-0.149769	-4.231277
9.56	0.4724697	0.5492926	-2.624645	0	-1.500142	-1.43776	-2.352538	-0.01236435	-4.61294
9.58	0.6340309	0.6858721	-1.781789	0	-1.520706	-1.478617	0.04603356	-0.1192346	-3.886578
9.6	0.6189938	0.6858721	-1.908882	0	-1.479592	-1.455654	-2.527782	0.1555746	-4.77029
9.62	0.5767449	0.6175833	-2.115228	0	-1.527467	-1.474674	-2.43321	-0.1803033	-4.713745
9.64	0.5866612	0.6175833	-2.048659	0	-1.583165	-1.544795	-1.007405	-0.2719064	-4.552215
9.66	0.6093587	0.6858721	-1.976646	0	-1.552466	-1.504872	-2.134807	0.0487048	-4.652263
9.68	0.5523807	0.6175833	-2.271834	0	-1.566517	-1.502684	-2.55692	0.01817001	-4.774514
9.7	0.5136444	0.6175833	-2.464798	0	-1.546455	-1.448107	-2.898607	-0.07343306	-4.500927
9.72	0.6105357	0.6858721	-1.973384	0	-1.55449	-1.478471	-1.86513	0.00290283	-4.295995
9.74	0.4454871	0.5492926	-2.798	0	-1.530428	-1.438452	-3.645858	0.03343719	-4.832969
9.76	0.5975784	0.6858721	-2.002712	0	-1.537959	-1.443182	-1.60862	-0.05816589	-3.97082
9.78	0.5836076	0.6175833	-2.069331	0	-1.574117	-1.547405	-1.610745	-0.5925167	-4.798908
9.8	0.5733671	0.6858721	-2.170376	0	-1.516847	-1.427717	-4.131861	-0.149769	-4.783547
9.82	0.6474247	0.6858721	-1.800615	0	-1.590483	-1.514293	-2.911152	-0.1039674	-4.734499
9.84	0.570933	0.6858721	-2.257299	0	-1.558956	-1.436015	-5.926579	-0.1803033	-5.204407
9.86	0.5527956	0.6858721	-2.376142	0	-1.568313	-1.379175	-6.497417	0.07923873	-4.814939
9.88	0.5398395	0.6858721	-2.462726	0	-1.575403	-1.366442	-6.7621	-0.241372	-4.743041
9.9	0.5834727	0.6858721	-2.243444	0	-1.634906	-1.458576	-5.118104	-0.9283947	-4.691366
9.92	0.6075743	0.6858721	-2.144845	0	-1.688284	-1.560295	-4.063642	0.1097731	-4.962896
9.94	0.5736939	0.6858721	-2.365484	0	-1.6851	-1.547941	-4.821767	-0.1039674	-5.12364
9.96	0.5524718	0.6858721	-2.506108	0	-1.674691	-1.509119	-5.158288	0.00290283	-4.941563
9.98	0.5542508	0.6858721	-2.514028	0	-1.673244	-1.505193	-4.873796	0.03343719	-4.819217
10	0.5628144	0.6858721	-2.482874	0	-1.675711	-1.520552	-4.516159	-0.05816589	-4.82585
10.02	0.4562181	0.6175833	-3.018415	0	-1.638964	-1.457051	-5.514441	-0.01236435	-4.875772
10.04	0.5549197	0.6858721	-2.486523	0	-1.644112	-1.479991	-3.510818	-0.01236435	-4.295367
10.06	0.4895377	0.6175833	-2.800607	0	-1.622151	-1.488226	-4.249946	0.00290283	-4.82793
10.08	0.5130052	0.6175833	-2.630967	0	-1.638625	-1.515966	-2.801262	-0.1039674	-4.494859
10.1	0.5463451	0.6858721	-2.470831	0	-1.579195	-1.454612	-4.199365	-0.02763153	-4.650593
10.12	0.4881691	0.6175833	-2.742269	0	-1.568104	-1.41919	-5.297987	0.06397155	-4.833428
10.14	0.5912217	0.6858721	-2.195313	0	-1.606083	-1.471178	-4.030667	-0.05816589	-4.568452
10.16	0.5168175	0.6175833	-2.571598	0	-1.622211	-1.494946	-5.254706	-0.05816589	-5.180792
10.18	0.3972484	0.5492926	-3.135913	0	-1.615003	-1.427067	-5.74564	-0.02763153	-4.842858
10.2	0.4341859	0.6175833	-2.903825	0	-1.572106	-1.361587	-5.245113	-0.4856469	-4.229357
10.22	0.5498371	0.6858721	-2.302312	0	-1.561133	-1.396734	-4.953749	-2.561982	-4.421753
10.24	0.5073451	0.5492926	-2.46298	0	-1.664684	-1.569	-3.496318	-0.4245782	-5.076679
10.26	0.5028909	0.6175833	-2.492874	0	-1.650221	-1.528265	-4.290404	-0.1039674	-4.959173
10.28	0.448933	0.6175833	-2.782789	0	-1.593707	-1.41167	-6.525988	0.1708418	-4.95828
10.3	0.5158838	0.6175833	-2.406731	0	-1.653241	-1.487996	-4.647661	0.0487048	-4.67602
10.32	0.581018	0.6858721	-2.113755	0	-1.66356	-1.527047	-5.285172	-0.149769	-5.095572
10.34	0.5556082	0.6858721	-2.308042	0	-1.661311	-1.484744	-7.586611	-0.04289871	-5.484988
10.36	0.5463664	0.6858721	-2.402024	0	-1.696096	-1.46958	-8.334242	0.03343719	-5.389746
10.38	0.5805185	0.6858721	-2.262267	0	-1.783392	-1.572023	-7.027473	-0.1803033	-5.385312
10.4	0.5392507	0.6858721	-2.541141	0	-1.801533	-1.579018	-7.844528	-0.241372	-5.621559
10.42	0.4613284	0.6175833	-2.955323	0	-1.835098	-1.592315	-7.145524	-0.2261049	-5.406416
10.44	0.4655638	0.6858721	-2.973278	0	-1.776099	-1.504032	-7.530784	-0.7909905	-4.986713
10.46	0.5040606	0.6858721	-2.79069	0	-1.767117	-1.519511	-6.830945	-3.035265	-4.94872
10.48	0.6042318	0.6858721	-2.279104	0	-1.852807	-1.698517	-3.978022	-0.5772496	-5.139773
10.5	0.4167942	0.5492926	-3.236884	0	-1.845927	-1.693082	-5.213733	-0.6383187	-5.719175
10.52	0.5192392	0.6858721	-2.718067	0	-1.806376	-1.623097	-3.968846	0.09450591	-4.716806
10.54	0.5512059	0.6858721	-2.579678	0	-1.778191	-1.635608	-4.656567	-1.096334	-5.223448
10.56	0.6114249	0.6858721	-2.284594	0	-1.829596	-1.720285	-3.760956	-0.04289871	-5.397491
10.58	0.5287422	0.6175833	-2.720247	0	-1.857643	-1.746735	-4.392996	-0.3177075	-5.772843
10.6	0.531939	0.6858721	-2.738591	0	-1.818485	-1.651266	-5.391212	0.07923873	-5.369395
10.62	0.5924048	0.6858721	-2.438002	0	-1.865097	-1.728343	-4.105307	-0.7604561	-5.372987
10.64	0.6072937	0.6858721	-2.396015	0	-1.903239	-1.798318	-3.930408	-0.2261049	-5.734067
10.66	0.5084805	0.6858721	-2.965392	0	-1.832646	-1.648197	-7.168935	-0.1345014	-5.849286
10.68	0.5281395	0.6858721	-2.86555	0	-1.847612	-1.626209	-6.397549	0.07923873	-5.29938
10.7	0.4192848	0.5492926	-3.361304	0	-1.894714	-1.706859	-4.844719	-0.02763153	-5.418509
10.72	0.3707967	0.5492926	-3.540395	0	-1.855423	-1.668861	-3.555317	0.01817001	-4.865544
10.74	0.5626668	0.6858721	-2.528976	0	-1.830058	-1.721985	-1.314839	0.00290283	-4.572582
10.76	0.5808855	0.6858721	-2.468608	0	-1.782166	-1.713261	-3.790502	-0.02763153	-5.590274
10.78	0.5884234	0.6858721	-2.452831	0	-1.792916	-1.679374	-5.334711	-0.02763153	-5.72121
10.8	0.4382293	0.5492926	-3.18293	0	-1.837934	-1.67896	-5.96591	0.07923873	-5.83096
10.82	0.4932458	0.6175833	-2.861414	0	-1.869169	-1.703199	-3.937185	0.07923873	-5.100412
10.84	0.5157105	0.6858721	-2.781287	0	-1.801961	-1.633466	-5.917529	-0.1345014	-5.421915
10.86	0.5541388	0.6858721	-2.599776	0	-1.816812	-1.638813	-6.394914	-0.07343306	-5.535943
10.88	0.5462473	0.6858721	-2.670918	0	-1.83372	-1.635813	-7.558298	0.06397155	-5.792317
10.9	0.484807	0.6175833	-2.977427	0	-1.890483	-1.674923	-7.255783	-0.02763153	-5.801968
10.92	0.5170349	0.6858721	-2.836511	0	-1.89249	-1.660824	-7.130439	-0.05816589	-5.530443
10.94	0.5469409	0.6858721	-2.70843	0	-1.925217	-1.717874	-6.675832	-0.02763153	-5.710532
10.96	0.5334948	0.6858721	-2.818025	0	-1.935453	-1.723296	-7.271063	0.00290283	-5.899578
10.98	0.5337363	0.6858721	-2.848261	0	-1.958497	-1.736733	-7.137352	-0.05816589	-5.844293
11	0.4891499	0.6858721	-3.117512	0	-1.931614	-1.676011	-8.386654	-0.08870025	-5.86198
11.02	0.5128733	0.6858721	-3.004408	0	-1.955329	-1.699827	-7.400477	-0.1345014	-5.612466
11.04	0.498228	0.6858721	-3.102526	0	-1.944168	-1.693863	-7.782003	-0.1803033	-5.750491
11.06	0.4207231	0.6175833	-3.48067	0	-1.939673	-1.674605	-7.736662	-0.01236435	-5.670261
11.08	0.4135902	0.6175833	-3.475456	0	-1.924859	-1.662661	-6.579914	0.1250407	-5.257577
11.1	0.4531818	0.6175833	-3.223524	0	-1.928453	-1.722314	-4.87142	0.07923873	-5.208756
11.12	0.4375822	0.6175833	-3.280004	0	-1.880733	-1.690813	-5.587361	0.1250407	-5.430393
11.14	0.5228718	0.6858721	-2.838053	0	-1.856136	-1.668684	-5.812226	0.00290283	-5.348933
11.16	0.4787202	0.6175833	-3.046052	0	-1.87205	-1.689617	-6.731373	0.00290283	-5.832108
11.18	0.5086598	0.6858721	-2.906959	0	-1.855265	-1.6284	-7.900479	-0.07343306	-5.662097
11.2	0.4246353	0.6175833	-3.326758	0	-1.85447	-1.586817	-9.385891	-0.1650361	-5.859398
11.22	0.4628128	0.6175833	-3.08482	0	-1.922747	-1.665785	-7.232452	-0.05816589	-5.459049
11.24	0.5029731	0.6858721	-2.906004	0	-1.908677	-1.668043	-7.993442	-0.3940434	-5.724833
11.26	0.5182506	0.6858721	-2.85796	0	-1.927523	-1.68055	-8.695433	-1.310074	-5.95943
11.28	0.4947245	0.6175833	-2.969775	0	-2.018145	-1.79176	-7.3461	-1.49328	-6.085299
11.3	0.4720447	0.6175833	-3.093362	0	-2.056806	-1.840925	-6.496427	-1.645952	-6.028538
11.32	0.4197411	0.5492926	-3.330683	0	-2.104128	-1.919617	-4.584758	0.186109	-5.925512
11.34	0.4710193	0.6175833	-3.070488	0	-2.084666	-1.930705	-3.386706	-0.1955705	-5.655755
11.36	0.5458748	0.6858721	-2.734528	0	-2.04054	-1.912025	-4.118371	-0.07343306	-5.898589
11.38	0.5249281	0.6858721	-2.903344	0	-1.990843	-1.823178	-6.849968	0.00290283	-6.281807
11.4	0.5417816	0.6858721	-2.847922	0	-2.014857	-1.809786	-7.336736	-0.01236435	-6.176454
11.42	0.3722082	0.5492926	-3.694153	0	-2.031492	-1.7852	-8.189827	-0.3940434	-6.309837
11.44	0.4157478	0.6175833	-3.435883	0	-2.026469	-1.761548	-6.3966	-2.714654	-5.433029
11.46	0.4831492	0.6175833	-3.060126	0	-2.058038	-1.879738	-4.368233	-1.87496	-5.653408
11.48	0.4648521	0.6175833	-3.161679	0	-2.029876	-1.869322	-5.3243	-1.447479	-6.037775
11.5	0.4190751	0.6175833	-3.401062	0	-1.971475	-1.755867	-7.173357	0.2166433	-5.948061
11.52	0.6156504	0.6858721	-2.375696	0	-2.078586	-1.938819	-3.562018	-0.4245782	-5.702113
11.54	0.5416219	0.6858721	-2.844383	0	-2.036882	-1.886799	-7.663258	-0.1039674	-6.835541
11.56	0.5906248	0.6858721	-2.623931	0	-2.13053	-1.948413	-6.510306	0.06397155	-6.466223
11.58	0.4738269	0.6175833	-3.26072	0	-2.159173	-1.953759	-7.599366	-1.768089	-6.801487
11.6	0.5841932	0.6858721	-2.716879	0	-2.244943	-2.067081	-4.434161	-2.607784	-6.200985
11.62	0.5572144	0.6858721	-2.933811	0	-2.240773	-2.092506	-5.469823	-3.401677	-6.812062
11.64	0.505233	0.6175833	-3.219339	0	-2.284776	-2.132077	-4.398515	-1.310074	-6.65326
11.66	0.4812956	0.6175833	-3.354168	0	-2.281134	-2.135809	-3.385811	-1.096334	-6.37647
11.68	0.5675146	0.6858721	-2.942904	0	-2.267664	-2.161625	-2.200237	-0.9894634	-6.212956
11.7	1.953651	1.983377	3.496547	0	-2.162603	-2.172112	-6.295487	-0.3482423	-6.641975
11.72	0.7141727	0.6858721	-3.221447	0	-2.405277	-2.218547	-26.42841	0.00290283	-14.04244
11.74	0.5019212	0.6858721	-4.286646	0	-2.808957	-2.180592	-15.65123	-0.7146546	-7.762972
11.76	0.2303913	0.6858721	-5.725381	0	-2.701044	-2.084916	-12.99507	-13.84442	-6.674122
11.78	0.7022846	0.6858721	-3.12931	0	-3.043663	-2.901869	8.833526	-7.00473	-4.919416
11.8	0.7235019	1.02732	-3.336182	0	-2.566242	-2.549409	-1.02696	-0.5161809	-7.363246
11.82	0.9068468	0.9590311	-2.486515	0	-2.572405	-2.568814	0.4617054	3.392216	-7.100464
11.84	0.9450631	1.02732	-2.469716	0	-2.512854	-2.497585	-3.557525	-0.8062572	-8.054993
11.86	0.7716069	0.9590311	-3.499968	0	-2.433834	-2.2484	-9.325865	0.3235136	-8.243923
11.88	1.020472	0.9590311	-2.213814	0	-2.737779	-2.664248	-0.3773465	-0.7451885	-7.302152
11.9	0.7126992	0.9590311	-3.994067	0	-2.535932	-2.359393	-9.581295	-0.08870025	-8.769885
11.92	0.9200062	1.02732	-2.95991	0	-2.657982	-2.450104	-4.201115	0.0487048	-7.01032
11.94	0.9521053	1.02732	-2.906799	0	-2.711114	-2.61602	-3.911489	-0.8825932	-8.138347
11.96	0.9645919	1.23219	-3.099386	0	-2.528475	-2.282181	-11.19035	0.2777116	-8.318597
11.98	1.247908	1.300479	-1.817148	0	-2.719612	-2.510581	-8.395992	0.3845823	-8.285071
12	1.111563	1.23219	-2.774101	0	-2.798924	-2.560718	-12.95134	-0.4703793	-9.908147
12.02	1.072572	1.300479	-3.216106	0	-2.848516	-2.45028	-15.02088	0.2319105	-9.229396
12.04	1.085374	1.300479	-3.347151	0	-2.957797	-2.536941	-13.76686	-0.5619828	-8.993818
12.06	0.9999422	1.300479	-3.994354	0	-2.954601	-2.489823	-15.04556	-3.416944	-9.035667
12.08	1.028215	1.300479	-3.989012	0	-3.010406	-2.556035	-12.45343	-4.928394	-8.478162
12.1	1.044266	1.300479	-4.040833	0	-3.03511	-2.645231	-10.55809	-5.38641	-8.545352
12.12	0.112115	0.3444233	-8.470342	0	-3.172571	-2.821164	-4.396439	-2.668853	-8.538654
12.14	0.1010534	0.3444233	-7.946562	0	-3.151388	-3.006878	16.19802	-0.5314484	-3.498731
12.16	0.08975489	0.3444233	-7.512331	0	-2.693498	-2.943033	23.43988	-0.3329751	-3.156154
12.18	0.4351884	0.2761335	-5.111976	0	-2.533473	-3.262872	36.41913	2.735727	-2.728774
12.2	0.9034964	0.6175833	-2.408662	0	-2.199141	-3.253494	35.0583	15.05634	-4.544026
12.22	0.9346089	0.7541609	-2.178885	0	-1.762783	-2.650625	17.60926	13.36168	-7.120667
12.24	1.224877	1.02732	-0.6865855	0	-1.658021	-2.212284	4.92323	17.43801	-7.498687
12.26	-0.08011339	0.002975464	-7.012237	0	-1.640668	-1.656248	-12.36379	4.812063	-9.488667
12.28	0.8275259	0.8907404	-2.035445	0	-1.847066	-1.683843	0.6859608	-3.371143	-2.973247
12.3	1.188195	1.300479	-0.4749003	0	-1.696143	-1.660249	-14.45603	-7.096333	-8.12569
12.32	1.623643	1.300479	1.517146	0	-2.32859	-2.317926	-14.14441	-7.691753	-10.32931
12.34	-0.02516088	0.3444233	-7.092864	0	-2.344509	-1.703156	-36.62709	2.552521	-13.32024
12.36	0.1848316	0.3444233	-5.54492	0	-3.010899	-2.271293	-6.825478	-7.279539	-4.701712
12.38	-0.2568786	0.2761335	-7.663982	0	-2.681978	-2.196979	-6.483541	-14.82152	-5.947483
12.4	0.4734291	0.2761335	-3.424707	0	-3.120631	-3.293002	24.22004	-6.073432	-3.201511
12.42	0.4252269	0.6175833	-3.842287	0	-2.484705	-2.869279	10.65093	5.163208	-7.128413
12.44	1.002972	0.6858721	-0.8049591	0	-2.661995	-3.207413	18.30887	8.72046	-6.525951
12.46	-0.4327117	0.002975464	-8.163231	0	-1.972138	-1.969314	-10.93257	6.842597	-9.79787
12.48	-0.0154894	0.002975464	-5.308583	0	-2.29095	-2.201517	13.19633	2.644124	-1.955492
12.5	0.9697965	1.300479	-0.5630744	0	-1.618001	-1.722832	-0.4538507	-4.485647	-4.357432
12.52	1.027895	0.3444233	-0.03752899	0	-2.453635	-3.008275	8.521023	5.605956	-9.448607
12.54	0.4115053	0.3444233	-3.324078	0	-2.443215	-2.655782	-4.377616	6.9342	-10.56554
12.56	0.1281774	0.6175833	-4.925315	0	-2.049843	-1.615506	-17.8324	-0.7451885	-7.441519
12.58	-0.6187	-0.3384733	-8.193247	0	-2.270583	-1.753428	-9.32894	-10.85206	-5.77581
12.6	-0.2133264	0.002975464	-5.586782	0	-2.321585	-2.10436	9.630474	-9.340608	-1.915679
12.62	-0.1506757	0.002975464	-4.956925	0	-2.056357	-2.218655	11.10867	0.5525213	-3.995252
12.64	-1.152426	-1.02137	-9.297972	0	-1.910799	-2.08844	13.10598	9.819695	-4.236889
12.66	-1.102084	-0.6799221	-8.234486	0	-1.334549	-1.410395	18.92253	13.22428	1.076557
12.68	0.6467857	0.6858721	0.9187294	0	-0.8633378	-1.383087	20.81594	10.06397	1.050079
12.7	-0.1635003	-0.2701836	-3.082047	0	-0.6587813	-1.129406	-7.500054	16.07924	-8.377888
12.72	-1.299961	-1.362819	-7.940127	0	-1.095423	-1.023918	-3.053897	22.33878	-4.654482
12.74	-2.054064	-1.02137	-11.09827	0	-0.1815202	0.5991712	-17.07034	-2.867326	0.7593012
12.76	-0.5633217	-0.8847904	-2.199235	0	-0.9581829	-1.092084	27.84686	-5.081066	5.058188
12.78	-0.5774887	-0.7482109	-1.976953	0	-0.6556247	-1.386952	14.70661	5.896031	-3.546312
12.8	-0.316143	-0.6799221	-0.3171561	0	-0.8081348	-1.434924	12.10575	22.47618	-3.777439
12.82	-0.6813146	-0.2701836	-2.408162	0	-0.1249924	-0.03206003	-22.13653	0.2624449	-5.716601
12.84	-1.964236	-1.635977	-8.225784	0	-0.3882297	0.3067757	-25.66293	4.491452	-3.894803
12.86	-0.4242698	-0.3384733	0.1095839	0	-0.7789884	-0.3647516	-0.2128296	-11.14213	2.437071
12.88	-0.5442511	-0.2701836	-0.8106819	0	-0.4666181	-0.236241	-24.18553	-4.0887	-6.092422
12.9	-1.203399	-1.362819	-3.716028	0	-1.243434	-0.8885524	-14.43319	7.560154	-5.642139
12.92	-2.003717	-1.362819	-7.523639	0	-0.9433025	-0.1810409	-19.95495	-10.54671	-2.738146
12.94	-1.399317	-1.362819	-3.715209	0	-1.383279	-1.092063	10.79882	-7.019997	1.751799
12.96	-1.508759	-1.362819	-3.996635	0	-1.085639	-1.242909	10.23173	-4.19557	-1.555932
12.98	-1.913648	-1.362819	-5.830295	0	-0.3561682	-0.1729523	-4.262944	14.10977	-0.7936082
13	-1.423557	-1.362819	-2.727703	0	-0.4313104	-0.4038362	7.93596	2.82733	1.665786
13.02	-1.387174	-1.362819	-2.219931	0	-0.297318	-0.482362	3.856289	8.750994	-1.141757
13.04	-1.132176	-1.362819	-0.5740178	0	-0.5127757	-0.8187077	8.011356	10.03344	-1.524149
13.06	-1.430413	-1.362819	-2.012786	0	-0.3216078	-0.4304791	-4.632339	2.323513	-3.253664
13.08	-0.3209262	-0.3384733	3.407958	0	-0.3372794	-0.3152338	-7.783885	-0.01236435	-1.809354
13.1	-0.09110428	-0.2701836	3.983541	0	-0.6057383	-0.5431825	-24.93187	-4.714654	-7.960557
13.12	-0.2636697	-0.2701836	2.425343	0	-1.048543	-0.4854706	-39.3056	-2.561982	-9.664376
13.14	-0.5092896	-0.2701836	0.5199814	0	-1.526283	-0.5012995	-45.46753	-3.661219	-9.140933
13.16	-0.8219531	-0.3384733	-1.654538	0	-1.88292	-0.5671574	-45.86449	-20.62305	-7.981764
13.18	-2.212658	-1.704267	-8.565508	0	-2.401642	-1.071544	-30.07846	-26.2261	-6.16869
13.2	-2.331097	-1.635977	-8.692025	0	-2.366611	-1.342194	1.149063	-19.44748	1.544291
13.22	-0.2312423	0.002975464	1.823154	0	-1.981352	-2.00257	24.46028	-15.53908	3.019702
13.24	-1.212831	-1.362819	-3.306897	0	-1.758359	-2.318355	11.17123	-0.4856469	-7.408765
13.26	-0.6654679	-0.9530802	-0.3754361	0	-1.882145	-2.404585	26.11331	12.23191	-1.981867
13.28	-1.216175	-1.02137	-3.375483	0	-1.203867	-1.563293	6.838966	14.53725	-4.759988
13.3	0.005403221	-0.6799221	3.083578	0	-1.808111	-2.5809	32.94017	-1.676486	-1.413898
13.32	-0.531189	-0.6799221	-0.1530114	0	-1.330217	-2.04709	6.368787	8.781528	-8.195854
13.34	-1.008033	-1.704267	-2.109561	0	-2.10408	-2.787612	26.12677	3.254811	-5.183647
13.36	-1.841392	-1.704267	-6.143254	0	-1.568188	-1.997498	20.43188	2.384582	-2.985794
13.38	-1.414769	-1.772556	-3.226756	0	-1.667511	-2.476546	46.93919	-9.829158	1.969461
13.4	-1.562926	-1.362819	-3.860601	0	-0.5763597	-1.403686	28.59114	-0.6383187	-0.1328902
13.42	-0.9019328	-1.431108	0.08948326	0	-0.6396472	-1.717541	40.16686	8.44565	1.210756
13.44	-1.92741	-2.387164	-4.482492	0	-0.5178733	-1.670581	33.13744	17.72809	-2.563549
13.46	-1.7604	-2.045715	-2.883777	0	-0.2733076	-1.24485	39.80629	14.76626	2.665546
13.48	-2.094676	-1.977426	-4.104602	0	0.5592152	-0.1829636	21.81554	8.598322	1.729834
13.5	-0.8141565	-1.772556	3.283885	0	-0.08202767	-1.388685	48.2393	6.384582	3.608777
13.52	-1.485716	-1.704267	-0.2235241	0	0.6050076	-0.4682324	11.76445	10.79679	-3.960944
13.54	-0.6953779	-1.362819	4.067935	0	0.133608	-0.6619555	17.39961	11.8655	-0.5706062
13.56	-3.180648	-2.728612	-8.409625	0	0.7959912	0.9328715	-24.52054	2.491452	-5.474839
13.58	-2.378024	-2.728612	-2.924607	0	-0.1945499	-0.1441243	27.06194	-2.958929	7.724878
13.6	-3.069407	-2.728612	-5.937505	0	0.6055161	0.3058697	14.32968	-8.027631	2.966007
13.62	-1.313393	-2.728612	4.284023	0	-0.7135838	-2.280529	74.23898	2.323513	6.999811
13.64	-1.799633	-2.318874	1.562951	0	0.1769891	-1.646843	40.45702	12.29298	-3.117398
13.66	-1.374057	-2.318874	3.985669	0	-0.06215554	-1.61885	43.6425	19.40748	-0.3326049
13.68	-2.924502	-2.387164	-4.241111	0	1.344989	1.005318	-11.77647	5.896031	-2.998252
13.7	-1.938465	-2.387164	1.597925	0	0.6043492	0.3858903	18.00124	-15.50855	5.673112
13.72	-2.910353	-2.387164	-3.41889	0	1.504026	1.614104	-17.64714	-4.699387	-0.1654198
13.74	0.3123355	-1.08966	13.3654	0	-0.1976961	-1.102973	38.2295	-0.241372	5.195373
13.76	-1.511013	-2.318874	3.279763	0	-0.3494599	-1.508234	-3.146122	3.880766	-13.06662
13.78	-0.954143	-2.318874	6.227148	0	-1.911958	-2.910665	36.10979	8.109772	-3.761957
13.8	-2.482299	-2.387164	-2.308998	0	-1.136167	-1.646329	5.030468	4.140307	-7.275013
13.82	-2.491653	-2.318874	-2.323891	0	-0.878635	-0.877545	15.24548	-19.72229	1.70476
13.84	-3.464887	-2.728612	-7.154272	0	0.1376598	0.4102342	1.516977	-20.77572	2.436174
13.86	-1.821821	-2.728612	2.289551	0	-0.8668786	-1.783934	62.55019	-1.111601	8.536367
13.88	-2.068654	-2.387164	0.8295293	0	0.01890823	-1.446758	40.74801	7.63649	-0.4118593
13.9	-1.858039	-2.387164	2.049419	0	0.2422827	-0.9915149	37.48155	24.06397	1.405874
13.92	-2.670602	-2.114005	-2.395878	0	1.601744	1.35345	-7.662274	2.460918	0.3151035
13.94	-1.134969	-2.045715	6.07054	0	0.4974885	-0.1579631	28.49167	3.834963	5.122017
13.96	-2.17268	-2.387164	0.5252479	0	0.8077288	0.1865802	-1.209456	-3.829158	-3.869293
13.98	-2.66867	-2.387164	-1.900486	0	1.070143	1.341163	-12.2349	10.9342	1.547318
14	-3.123683	-2.387164	-4.013811	0	1.612251	2.430924	-24.68637	-14.69939	4.257757
14.02	-1.968485	-2.387164	2.604329	0	0.6759515	0.7402568	13.32396	2.506719	6.928658
14.04	-2.113804	-2.318874	1.786659	0	0.7333229	0.3471166	4.969323	2.750994	0.2711926
14.06	-2.305503	-2.387164	0.8101531	0	0.7485075	0.6166614	0.2664082	18.49145	1.000413
14.08	-2.559892	-2.318874	-0.5240276	0	1.02866	1.237118	-9.10143	-6.165036	2.016454
14.1	-0.9751987	-0.9530802	7.097005	0	1.063856	1.222257	-8.701976	3.346414	3.546171
14.12	-1.005015	-1.362819	6.272949	0	0.6083657	0.6112548	-23.53946	-1.645952	-4.90826
14.14	-1.389242	-1.02137	3.336899	0	0.665854	1.546478	-50.22955	0.5372537	-5.190925
14.16	-3.001996	-2.728612	-4.74515	0	-0.1437249	1.170936	-41.06027	-19.75282	-3.102952
14.18	-3.433336	-2.728612	-6.504517	0	-0.2745052	1.047226	-14.22148	-16.80626	5.382207
14.2	-3.026972	-2.728612	-3.832984	0	-0.2882506	0.1212539	20.17475	-19.31007	8.355522
14.22	-2.832968	-2.728612	-2.443928	0	0.1830316	-0.2036546	33.10231	-5.38641	6.881495
14.24	-2.068828	-2.318874	1.707591	0	0.5892121	-0.3316109	41.13932	12.36931	6.535304
14.26	-1.729761	-2.045715	3.342792	0	1.111988	0.05480891	27.48402	22.65939	2.842126
14.28	-1.709468	-2.045715	3.351978	0	1.331803	0.5650562	12.17181	22.85786	1.173839
14.3	-1.699623	-2.045715	3.361252	0	1.232401	0.7642993	4.06896	20.47618	0.9144127
14.32	-2.065764	-2.045715	1.347268	0	1.363511	1.361745	-11.13083	-0.6688526	0.575743
14.34	-2.012168	-1.977426	1.62091	0	1.218468	1.49046	-11.90305	-2.531448	2.441737
14.36	-2.0361	-2.045715	1.49361	0	1.000647	1.258331	-10.25022	-7.233737	2.034729
14.38	-1.870972	-1.977426	2.289429	0	0.7207884	0.8610098	-4.288092	-6.241372	2.07045
14.4	-2.41654	-2.387164	-0.4904727	0	0.650068	0.8089144	-5.164432	0.1403074	1.148774
14.42	-2.386155	-2.387164	-0.142166	0	0.5388918	0.6325921	6.953166	0.1097731	4.1863
14.44	-2.390225	-2.318874	-0.08278707	0	0.7601762	0.6765841	9.645959	-0.3787767	4.246713
14.46	-2.282727	-2.455454	0.7000614	0	0.7573125	0.4209958	18.32602	1.819697	4.621665
14.48	-2.282094	-2.455454	0.8606248	0	0.9305068	0.4352872	19.78477	5.80443	4.216711
14.5	-2.26527	-2.387164	1.067983	0	1.200277	0.7198659	16.9972	5.590688	4.413063
14.52	-2.164449	-2.387164	1.755451	0	1.308221	0.803665	16.81392	3.926567	4.505303
14.54	-2.166656	-2.387164	1.873561	0	1.416809	0.9312518	13.64381	3.712826	4.000782
14.56	-2.110304	-2.318874	2.25706	0	1.486351	1.074605	10.62266	1.270079	4.006807
14.58	-2.206126	-2.387164	1.866968	0	1.517434	1.197913	6.986155	3.071604	3.670619
14.6	-2.235019	-2.387164	1.836054	0	1.510669	1.2794	5.96403	-0.2108373	4.127244
14.62	-2.163393	-2.318874	2.277404	0	1.491591	1.275468	5.815283	-0.01236435	4.24386
14.64	-2.150198	-2.387164	2.430168	0	1.373601	1.103042	7.552873	0.1250407	3.8403
14.66	-2.245603	-2.387164	1.964087	0	1.394533	1.171224	5.697826	-0.3787767	3.714622
14.68	-2.193305	-2.318874	2.251235	0	1.40639	1.222327	5.954124	0.1403074	4.275841
14.7	-2.209133	-2.387164	2.215328	0	1.357784	1.132313	7.261977	-0.2566392	4.068476
14.72	-2.254878	-2.387164	2.004658	0	1.385758	1.171178	7.116634	0.2624449	4.1964
14.74	-2.232108	-2.387164	2.167368	0	1.387645	1.152627	8.746051	0.00290283	4.542562
14.76	-2.149831	-2.318874	2.590046	0	1.416381	1.138921	9.343054	-0.1039674	4.518035
14.78	-2.123356	-2.318874	2.709906	0	1.4272	1.124547	8.975436	-0.08870025	4.183061
14.8	-2.206777	-2.387164	2.292112	0	1.437438	1.158649	8.34699	0.09450591	4.121922
14.82	-2.116643	-2.318874	2.764247	0	1.421968	1.127538	10.31821	0.01817001	4.65344
14.84	-2.121119	-2.318874	2.715073	0	1.449404	1.12897	9.657848	-0.02763153	4.265277
14.86	-2.206528	-2.387164	2.29175	0	1.472848	1.180338	9.358002	0.09450591	4.393459
14.88	-2.203759	-2.387164	2.352376	0	1.489098	1.191489	11.08124	0.00290283	4.95767
14.9	-2.164927	-2.387164	2.601059	0	1.499017	1.135774	13.15554	-0.07343306	5.062551
14.92	-0.7377743	-1.02137	9.294301	0	1.658864	1.179842	9.298835	0.03343719	4.965973
14.94	-2.399248	-2.728612	0.6435806	0	1.436954	1.173124	-10.25569	0.1708418	-2.53337
14.96	-2.55595	-2.728612	0.2162126	0	1.018094	1.097395	10.46906	-0.3177075	6.103725
14.98	-1.80491	-1.635977	3.745221	0	1.530945	1.446319	8.6625	-14.10397	7.048291
15	-1.293543	-2.045715	6.34272	0	0.9454097	0.2149733	23.65253	6.65939	3.60995
15.02	-2.018657	-2.318874	2.351662	0	1.101454	0.5057424	10.80868	6.430383	0.6781439
15.04	-1.500029	-1.362819	4.496343	0	1.599256	1.522429	0.2637239	5.80443	4.764759
15.06	-1.269967	-1.704267	5.456805	0	1.208288	0.9213941	4.446891	-6.394043	2.455783
15.08	-1.088182	-1.02137	5.607977	0	1.518053	1.570013	-14.49675	1.80443	1.093183
15.1	-0.9356589	-1.362819	6.008221	0	0.8544837	0.888638	-8.032709	-1.569616	0.3785068
15.12	-0.3021884	-0.3384733	8.16876	0	0.8600886	1.077996	-19.86	-4.943662	-0.6546725
15.14	-0.1446335	-0.2701836	7.836823	0	0.5076304	0.9355647	-31.45274	-7.936028	-3.798833
15.16	-0.6719847	-0.6799221	4.229628	0	-0.02965371	0.7340029	-35.74583	-12.86732	-4.606901
15.18	-1.174469	-0.9530802	1.053514	0	-0.4514346	0.5232887	-26.99929	-19.53908	-1.671323
15.2	-1.681134	-1.362819	-1.779862	0	-0.6505562	0.1750431	-9.395694	-19.24901	1.477377
15.22	-0.3406394	-0.3384733	4.596362	0	-0.703351	-0.5710022	17.10962	-8.317707	4.932852
15.24	-0.9906375	-0.6799221	0.4817016	0	0.02848157	0.02753654	-3.808445	4.323514	-1.401888
15.26	-0.7480378	-0.6799221	1.486655	0	0.07548462	0.2097537	5.243945	19.71282	2.938052
15.28	-0.9914158	-0.6799221	-0.08739913	0	0.5558816	0.7328313	-2.951773	12.38458	2.126674
15.3	0.4337354	0.4127131	6.660848	0	0.6512575	0.6623034	2.242138	-1.554349	4.005138
15.32	-1.042082	-1.02137	-1.147708	0	0.6761976	0.78927	-17.20007	3.224276	-3.34021
15.34	-0.970815	-1.02137	-0.4635028	0	0.2558082	0.5383636	6.078394	1.499086	4.54954
15.36	0.2131952	0.3444233	5.060787	0	0.6760544	0.6284721	5.089279	4.873131	4.280361
15.38	0.901337	0.4127131	7.912162	0	0.3867714	-0.04072058	0.7599382	-10.86733	-1.571935
15.4	-1.140943	-0.6799221	-3.088521	0	0.8662601	1.397848	-37.6505	10.64412	-5.429588
15.42	-0.9031889	-0.6799221	-1.474433	0	0.3456044	1.223116	-8.508551	4.048704	5.708652
15.44	-0.7935815	-0.6799221	-0.7402527	0	0.2943671	0.5297797	6.314315	-11.66122	4.534306
15.46	0.6600487	0.3444233	6.402171	0	0.2104058	-0.213734	20.68673	-12.39404	4.26008
15.48	-0.9890897	-0.6799221	-2.458433	0	0.9234523	0.9003899	-16.16278	12.14031	-3.31932
15.5	-0.7876371	-0.6799221	-1.021799	0	0.7025265	1.067974	2.693372	7.941833	5.812174
15.52	-1.307931	-0.6799221	-3.575387	0	1.423296	1.871521	-9.793867	6.369315	4.806849
15.54	0.6448541	0.3444233	6.550933	0	1.038077	0.8909911	16.12747	-11.37114	8.044158
15.56	-1.246214	-1.02137	-3.234147	0	1.530919	1.538276	-19.69993	14.65939	-2.585472
15.58	-0.2737306	-1.02137	2.626676	0	0.2922692	0.007331371	30.79317	9.132673	7.485404
15.6	-1.079177	-0.9530802	-1.565355	0	1.01362	0.5601051	10.85735	12.78153	1.757567
15.62	0.05753371	0.002975464	4.19719	0	1.276327	0.9654875	14.68705	-16.40931	6.471051
15.64	-1.19667	0.002975464	-2.894637	0	2.943055	3.715904	-49.6916	16.20138	0.5328541
15.66	-0.6178907	0.002975464	0.3964467	0	2.707293	4.143576	-44.29866	-9.386409	7.733569
15.68	-1.673121	0.002975464	-5.214042	0	3.710852	5.98181	-88.07739	10.01817	4.195915
15.7	-0.6739314	-0.4067631	0.8018472	0	2.285757	4.156277	-44.27727	-5.798624	9.941407
15.72	-1.165499	-0.3384733	-1.743256	0	2.349294	3.927685	-56.01207	16.15557	3.644441
15.74	0.511308	-0.3384733	7.37603	0	0.3833687	0.752165	4.422886	5.04107	6.144876
15.76	0.4372297	0.6175833	5.788524	0	0.8378513	1.019348	-28.00066	16.36931	-3.753262
15.78	-0.4256954	-0.6799221	1.19427	0	-0.01333976	0.4548896	-20.16063	-7.829158	-3.068537
15.8	-0.9889326	0.3444233	-2.554524	0	1.140682	2.654536	-51.06456	-1.523815	1.280293
15.82	-0.4709023	0.3444233	-0.09063244	0	1.110865	2.738897	-41.70412	-32.89786	5.305313
15.84	0.7136142	0.4127131	5.848231	0	0.06392202	0.6284276	-9.458831	-14.34824	2.830348
15.86	0.54338	0.4127131	4.218402	0	-0.1783213	0.005715221	-16.09542	-4.119235	-3.792788
15.88	-0.3922829	0.3444233	-1.357844	0	0.3571283	1.364702	-40.51962	6.415116	-2.780725
15.9	0.1666429	0.4127131	1.35043	0	-0.1153595	0.860068	-18.17371	-13.1116	2.816352
15.92	0.4381707	0.4127131	2.387021	0	-0.4458162	-0.08615226	-5.989902	-12.45511	0.02595806
15.94	0.4021218	0.3444233	1.787452	0	-0.5882634	-0.4747891	-0.9155297	-1.829158	-1.201698
15.96	0.05958575	0.4127131	-0.4546014	0	-0.1871585	0.1537246	-9.659307	-2.332975	-0.6931715
15.98	0.2257914	0.3444233	0.2693891	0	-0.2262932	0.05191712	0.1228518	-3.691753	1.718821
16	0.1880374	0.2761335	-0.05576205	0	-0.1169214	-0.0428238	3.372687	-3.768089	1.153831
16.02	0.2919794	0.3444233	0.375449	0	0.02563796	-0.002449524	6.177809	1.147941	1.67928
16.04	0.4531606	0.4127131	1.095961	0	0.129165	-0.0242335	7.567204	-0.409311	1.403043
16.06	0.4909544	0.4127131	1.174697	0	0.2148061	0.01754906	5.890318	0.5067194	0.7137934
16.08	0.4462787	0.3444233	0.8916352	0	0.2297004	0.04988477	5.207983	2.949468	0.6024816
16.1	0.3423943	0.4127131	0.261125	0	0.4243519	0.3940589	-0.3027542	0.2013757	0.8699474
16.12	0.5142267	0.4127131	1.170745	0	0.3237368	0.2484074	3.924718	-0.241372	1.535891
16.14	0.4778732	0.3444233	0.9705639	0	0.2623032	0.09599064	4.397908	-0.2108373	0.5644945
16.16	0.4924068	0.4127131	0.9887921	0	0.2771524	0.1405059	3.620922	0.5830552	0.7122452
16.18	0.5571922	0.4127131	1.285779	0	0.2053539	0.0310748	5.175243	-0.6688526	0.6436802
16.2	0.4799137	0.4127131	0.8072436	0	0.2458526	0.1109056	2.554781	0.03343719	0.2606164
16.22	0.3842445	0.2761335	0.3575271	0	0.1721167	0.04890507	4.794378	0.01817001	0.6934503
16.24	0.3671711	0.3444233	0.270351	0	0.2461628	0.1381535	4.853142	0.03343719	1.183922
16.26	0.356017	0.2761335	0.2795403	0	0.2515603	0.09456333	6.888299	0.186109	1.34677
16.28	0.4655693	0.4127131	0.8291116	0	0.3457362	0.1675624	6.215203	0.1708418	1.42158
16.3	0.5271581	0.4127131	1.129325	0	0.3580976	0.1536562	5.148973	-0.02763153	0.8751629
16.32	0.5466248	0.4127131	1.20181	0	0.3268148	0.1337993	3.994049	-0.04289871	0.4988568
16.34	0.3724179	0.2761335	0.3315805	0	0.2945631	0.1603153	2.661694	-0.07343306	0.3180022
16.36	0.4557195	0.3444233	0.8006434	0	0.2317095	0.09217735	5.769144	-0.2108373	1.188532
16.38	0.3898753	0.3444233	0.443352	0	0.301264	0.1637505	3.57836	0.00290283	0.7099243
16.4	0.4023712	0.2761335	0.5777891	0	0.2321595	0.06552359	6.42534	0.1403074	1.081144
16.42	0.3819189	0.3444233	0.4615244	0	0.3253966	0.1765585	4.385766	0.09450591	0.9664703
16.44	0.4426342	0.3444233	0.8016394	0	0.3126754	0.1518774	5.235936	-0.149769	1.106894
16.46	0.4524467	0.3444233	0.8551242	0	0.3059861	0.126944	4.692961	-0.08870025	0.7433498
16.48	0.3778243	0.2761335	0.5025507	0	0.2864448	0.1260245	4.318721	0.1708418	0.6443444
16.5	0.3192902	0.2761335	0.23644	0	0.3242728	0.2125253	3.630883	0.06397155	0.9950729
16.52	0.3688064	0.2761335	0.5568511	0	0.2968469	0.1521242	5.71472	-0.1192346	1.304951
16.54	0.4692751	0.3444233	1.079154	0	0.2857843	0.07760458	6.389624	-0.1039674	1.004972
16.56	0.4668624	0.3444233	1.035994	0	0.2892438	0.08032098	4.629205	0.2013757	0.42871
16.58	0.351971	0.2761335	0.4458926	0	0.2982736	0.1638896	2.622572	0.09450591	0.3929383
16.6	0.3697129	0.2761335	0.5806245	0	0.2500466	0.1288918	4.45039	-0.07343306	0.9696022
16.62	0.4445976	0.3444233	0.9538347	0	0.240623	0.0786272	4.992199	-0.2261049	0.8342518
16.64	0.4512423	0.3444233	0.9530631	0	0.233376	0.06277565	4.031385	0.0487048	0.4130809
16.66	0.4290954	0.3444233	0.8018253	0	0.2298588	0.0969829	2.818549	0.01817001	0.3451701
16.68	0.3661229	0.2761335	0.488723	0	0.187238	0.0726503	3.275245	-0.04289871	0.437552
16.7	0.389257	0.3444233	0.5853907	0	0.2122874	0.1181306	3.111084	-0.08870025	0.7411817
16.72	0.3191126	0.2761335	0.2373822	0	0.2264782	0.1406429	2.675606	0.00290283	0.6341456
16.74	0.4401615	0.3444233	0.8724293	0	0.1853944	0.05583005	5.142807	0.03343719	1.00896
16.76	0.4254337	0.3444233	0.7566446	0	0.2077202	0.05408714	3.576314	0.00290283	0.3406018
16.78	0.3518481	0.2761335	0.3872048	0	0.1950961	0.07637618	3.198792	0.1097731	0.4089215
16.8	0.5271091	0.4127131	1.256511	0	0.1521689	-0.001595672	5.171038	-0.1650361	0.7781679
16.82	0.3396357	0.2761335	0.2585487	0	0.1823623	0.05228976	1.856597	-0.02763153	-0.1846185
16.84	0.3518958	0.2761335	0.3628354	0	0.1355138	0.04110225	4.303196	0.01817001	0.8054794
16.86	0.3210253	0.2761335	0.2192549	0	0.1714653	0.05573145	4.28879	-0.02763153	0.7253414
16.88	0.3743718	0.3444233	0.4860042	0	0.2327399	0.1252601	3.741135	-0.01236435	0.9141517
16.9	0.4822012	0.4127131	1.00227	0	0.2481929	0.1229647	3.010512	-0.01236435	0.6523817
16.92	0.4894223	0.4127131	0.9765861	0	0.2386329	0.1328277	0.743448	0.01817001	0.04755759
16.94	0.3415652	0.2761335	0.2259162	0	0.1769828	0.1284326	0.002280712	0.07923873	-0.05055094
16.96	0.370564	0.3444233	0.3770515	0	0.1541472	0.1360944	1.296076	0.01817001	0.672825
16.98	0.2946048	0.2761335	0.00704813	0	0.1562873	0.1232493	1.471626	-0.07343306	0.5134512
17	0.30239	0.2761335	0.09117676	0	0.1552907	0.1045634	3.191839	-0.05816589	0.9236913
17.02	0.3111547	0.2761335	0.1722438	0	0.1800929	0.08924396	3.94547	0.0487048	0.8928969
17.04	0.3021925	0.2761335	0.1565271	0	0.2302289	0.1332739	3.486556	-0.1039674	0.8573624
17.06	0.395	0.3444233	0.6425167	0	0.2543328	0.1443436	3.48123	0.00290283	0.9126114
17.08	0.3306723	0.2761335	0.3286546	0	0.2639958	0.1622297	1.839169	0.01817001	0.3945789
17.1	0.4320452	0.3444233	0.8593168	0	0.2153987	0.1110548	2.987587	-0.1039674	0.6881845
17.12	0.4793171	0.4127131	1.028943	0	0.2195603	0.1191892	0.7439154	-0.07343306	0.08144414
17.14	0.3231946	0.2761335	0.2147766	0	0.1800823	0.1474313	-1.112408	0.0487048	-0.2187921
17.16	0.3693964	0.3444233	0.4472889	0	0.138309	0.1429536	0.3289364	0.09450591	0.5535185
17.18	0.3578166	0.3444233	0.3578641	0	0.1369246	0.1271714	-0.0533141	-0.08870025	0.2873024
17.2	0.3775445	0.3444233	0.4417509	0	0.1062392	0.08603125	0.7242516	0.01817001	0.3471867
17.22	0.2914548	0.2761335	0.002693251	0	0.1008309	0.08306277	0.6226402	0.00290283	0.2285658
17.24	0.361146	0.3444233	0.357071	0	0.1021121	0.07472574	2.001224	-0.08870025	0.6911318
17.26	0.4364058	0.4127131	0.6851871	0	0.1309126	0.07608125	1.143641	-0.01236435	0.3356711
17.28	0.4446061	0.4127131	0.6606728	0	0.1312123	0.09373199	-0.5213121	0.01817001	-0.05905211
17.3	0.3608881	0.3444233	0.2029441	0	0.104527	0.1143298	-1.499958	-0.05816589	-0.1277528
17.32	0.367658	0.3444233	0.238434	0	0.05181499	0.06623811	0.1556892	-0.07343306	0.2897356
17.34	0.2547433	0.2761335	-0.3287643	0	0.07139066	0.09188646	-0.09506619	-0.08870025	0.2370185
17.36	0.2481994	0.2761335	-0.311712	0	0.0951766	0.114364	1.586675	0.03343719	0.8663656
17.38	0.3006668	0.2761335	0.01797923	0	0.097392	0.0395408	3.889987	-0.01236435	0.9384023
17.4	0.3759803	0.3444233	0.4057571	0	0.1472273	0.04262529	3.588375	-0.1345014	0.6672851
17.42	0.2828491	0.2761335	-0.05818395	0	0.2077786	0.1392414	1.040914	0.00290283	0.2719076
17.44	0.3808714	0.3444233	0.4723184	0	0.1960067	0.1426926	1.891864	0.03343719	0.7547179
17.46	0.3908215	0.3444233	0.513307	0	0.1894748	0.1217203	0.6234056	-0.05816589	0.1853788
17.48	0.4024614	0.3444233	0.5624428	0	0.1446738	0.09351312	0.2585938	0.00290283	0.07349408
17.5	0.3508519	0.3444233	0.2650734	0	0.1476335	0.1476651	-1.585759	-0.01236435	-0.05842936
17.52	0.3127302	0.3444233	0.05199768	0	0.1548708	0.217427	-2.659358	-0.1039674	0.1846622
17.54	0.3980618	0.4127131	0.4594113	0	0.1312908	0.1954313	-2.171784	0.0487048	0.3724437
17.56	0.2895947	0.2761335	-0.08269687	0	0.06772737	0.1101422	-1.856768	-0.01236435	-0.1084502
17.58	0.2639565	0.2761335	-0.1835706	0	0.04019006	0.08633916	-0.08601436	-0.01236435	0.4236767
17.6	0.3976712	0.4127131	0.4635696	0	0.06964586	0.07772265	0.5748643	0.00290283	0.5656571
17.62	0.3848071	0.3444233	0.3711418	0	0.04091144	0.004692011	0.29115	0.7051931	-0.1191382
17.64	0.2886479	0.3444233	-0.1661782	0	0.1095314	0.1570035	-2.584375	0.9189332	-0.08133268
17.66	0.3746253	0.2761335	0.3504222	0	-0.05320825	-0.08577462	3.116505	0.09450591	0.4581363
17.68	0.3272871	0.3444233	0.05171234	0	0.03123093	-0.01043195	0.6707334	-0.1192346	-0.07683301
17.7	0.3031979	0.3444233	-0.09134196	0	0.09226054	0.113569	-0.7698906	0.03343719	0.2264018
17.72	0.3416687	0.3444233	0.1179972	0	0.08311237	0.09842622	-0.06044068	-0.08870025	0.3818521
17.74	0.3422669	0.3444233	0.1164743	0	0.08710991	0.09201054	-0.4944238	0.1250407	0.1583128
17.76	0.3568268	0.3444233	0.1910135	0	0.06666595	0.06814766	-0.2750494	-0.1650361	0.1357087
17.78	0.2951709	0.3444233	-0.1475141	0	0.1166411	0.1664527	-2.440535	0.03343719	0.02665997
17.8	0.3477585	0.3444233	0.1454551	0	0.06734805	0.109921	-0.76476	0.0487048	0.3598323
17.82	0.3320147	0.3444233	0.05337291	0	0.06809544	0.09617442	-1.343468	-0.1039674	0.03811097
17.84	0.3088853	0.3444233	-0.07425901	0	0.08216006	0.1391571	-2.089411	0.06397155	0.104422
17.86	0.2963619	0.3444233	-0.1381543	0	0.09497188	0.1746851	-2.506496	-0.04289871	0.2199458
17.88	0.2648245	0.3444233	-0.2996579	0	0.1335683	0.246481	-3.641041	-0.01236435	0.2790892
17.9	0.2256747	0.2761335	-0.4422507	0	0.1099916	0.2194874	-2.55636	0.1250407	0.4498032
17.92	0.2766901	0.3444233	-0.1603957	0	0.1373018	0.2348498	-2.23713	0.01817001	0.6303893
17.94	0.3727424	0.4127131	0.3097547	0	0.1494113	0.2218513	-2.762535	0.01817001	0.3583616
17.96	0.3178639	0.3444233	0.0157063	0	0.1257657	0.2087913	-4.196726	0.03343719	-0.1834245
17.98	0.333329	0.3444233	0.1017236	0	0.05747966	0.1503337	-3.096025	-0.07343306	0.05003399
18	0.310925	0.3444233	-0.03099824	0	0.03517255	0.1263577	-3.244793	-0.05816589	-0.08962417
18.02	0.2996061	0.3444233	-0.1032164	0	0.02205917	0.1229475	-3.081174	-0.05816589	0.009495199
18.04	0.3473138	0.4127131	0.09292766	0	0.04293492	0.1547872	-3.685215	0.01817001	0.0641712
18.06	0.2832873	0.3444233	-0.2537823	0	0.03658544	0.1626391	-4.47909	-0.02763153	-0.1791925
