0	-1.089465	-1.02137	-5.101353	0	-0.0569202	0.02076176	2.323034	0.02320642	0
0.02	-1.080297	-0.9530802	-4.335478	0	0.03399683	0.005619791	21.47505	0.007939241	5.827079
0.04	-0.9744034	-1.02137	-3.103992	0	0.3272953	-0.214386	33.40927	1.504122	6.023664
0.06	-0.7628328	-0.9530802	-1.422744	0	0.7269299	-0.1511447	37.14782	14.38962	5.669176
0.08	-0.6172749	-0.9530802	-0.1383135	0	1.054046	0.01267195	34.95448	14.57282	4.620201
0.1	-0.8162138	-1.02137	-0.6873749	0	1.478123	0.6148161	23.01801	16.03847	3.705414
0.12	-0.7734208	-0.9530802	0.03864574	0	1.713122	1.095057	15.87485	13.15298	4.561998
0.14	0.4589109	0.3444233	6.164925	0	2.050786	1.61574	0.4677421	2.389618	3.991232
0.16	-0.9895856	-1.362819	-0.8845305	0	1.559351	1.380274	-16.25917	0.5575573	-2.967217
0.18	-1.20168	-1.362819	-1.306058	0	0.994364	1.17884	-0.3453465	-0.1905337	3.858489
0.2	-1.928122	-1.431108	-4.620275	0	1.464465	1.866995	-8.83945	-4.144732	4.53902
0.22	0.1649222	0.002975464	6.235806	0	1.26026	1.185915	12.88268	-17.0913	8.608575
0.24	-0.1535276	-0.3384733	4.128657	0	1.389029	1.09181	-15.05602	1.870535	-2.747731
0.26	0.4290123	-0.3384733	6.977314	0	0.3280225	0.0644539	-1.373077	2.588092	-1.398944
0.28	-0.6212794	-0.4067631	0.8912683	0	0.5747194	0.9133894	-31.5572	9.56519	-5.257581
0.3	-0.6873337	-0.3384733	0.3073893	0	0.3738157	1.303473	-28.87737	-20.17526	0.4376515
0.32	-0.6730756	-0.3384733	0.1610515	0	0.2070417	1.060206	-23.56377	-12.31267	0.8889781
0.34	-0.6753194	-0.4067631	-0.02427375	0	0.06187299	0.7532237	-16.88897	-23.3203	0.9933214
0.36	-1.068965	-0.4067631	-2.301294	0	0.469695	1.351177	-25.32229	1.73313	1.225405
0.38	-0.3137199	-0.3384733	1.683155	0	-0.01977559	0.4127857	-0.456555	-5.930992	3.817319
0.4	-0.897312	-0.3384733	-1.69386	0	0.6049158	1.106373	-20.45007	0.8934352	-0.1901326
0.42	0.02016044	-0.4067631	3.255153	0	-0.2369773	-0.2206318	12.39421	4.084274	3.400575
0.44	-0.538362	-0.4067631	-0.0007201433	0	0.1679823	0.09221743	-4.34469	6.130075	-1.735848
0.46	0.1232569	-0.2701836	3.378721	0	-0.307733	-0.5529872	14.57904	2.969771	1.581739
0.48	-0.7486459	-0.3384733	-1.561094	0	0.4386293	0.5531739	-13.13484	-0.08366384	-2.007153
0.5	-0.0002312362	-0.2701836	2.438979	0	-0.08689053	-0.08409935	10.36428	-1.88519	3.132669
0.52	-0.467505	-0.3384733	-0.2305476	0	0.2684599	0.2157761	-3.57785	-3.610381	-0.9683549
0.54	0.3932383	-0.2701836	4.31981	0	-0.4961343	-0.9831743	24.06879	1.73313	1.787742
0.56	-0.5324503	-0.3384733	-0.9059349	0	0.1934374	-0.04005241	-3.908892	-1.488244	-3.055641
0.58	0.07697207	-0.2701836	2.349997	0	-0.2440192	-0.4744752	16.25029	2.053741	2.317151
0.6	-0.276136	-0.3384733	0.3286073	0	0.01156882	-0.3175614	6.834196	-7.915724	-1.000149
0.62	0.3472963	-0.4067631	3.701485	0	-0.6719846	-1.426424	31.99937	0.3896187	1.106293
0.64	-0.3707704	-0.3384733	-0.3817269	0	-0.005058743	-0.5425814	8.641968	-3.198167	-2.426739
0.66	0.1198353	-0.3384733	2.277909	0	-0.3290223	-0.889293	25.3252	2.175878	1.845882
0.68	-0.1038404	-0.3384733	0.9734185	0	-0.08417547	-0.7381289	17.56475	-5.396641	-0.8098346
0.7	0.2086166	-0.2701836	2.586729	0	-0.2478833	-0.9770066	25.15385	1.717863	0.5676202
0.72	-0.2151082	-0.3384733	0.2418431	0	0.1084854	-0.4427156	11.91897	-1.869923	-1.125604
0.74	-0.2484195	-0.3384733	0.1330567	0	0.2395341	-0.06702496	11.202	0.92397	1.327212
0.76	0.02953455	-0.3384733	1.707394	0	0.05933052	-0.4661046	19.79745	-1.915725	1.593251
0.78	-0.1609972	-0.3384733	0.6846093	0	0.2543074	-0.2529892	12.61482	1.427786	0.01582432
0.8	-0.05226013	-0.2701836	1.281948	0	0.2731318	-0.1464274	12.94232	1.946871	1.093858
0.82	-0.1760227	-0.3384733	0.6689083	0	0.3484326	-0.01804657	9.138231	-0.05312948	0.4862965
0.84	-0.2043914	-0.3384733	0.5921357	0	0.3807366	0.1011456	8.300945	1.672061	1.125928
0.86	-0.27487	-0.3384733	0.2890546	0	0.4740271	0.2678214	5.678634	0.2369469	1.249068
0.88	-0.06034116	-0.2701836	1.478368	0	0.3688183	0.08576479	9.664707	0.2674813	1.624312
0.9	-0.03574859	-0.2701836	1.591256	0	0.3151324	-0.04386752	8.533215	-0.08366384	0.3764586
0.92	-0.07606839	-0.2701836	1.345848	0	0.2814571	-0.01906152	6.587213	0.2674813	0.1546046
0.94	-0.2393925	-0.4067631	0.544086	0	0.2200734	-0.0214053	6.571298	-0.2516028	0.3118003
0.96	-0.1189909	-0.2701836	1.164444	0	0.1967335	-0.05052148	8.954546	-0.2821372	1.146978
0.98	-0.1959928	-0.3384733	0.7582189	0	0.2197233	-0.05375728	7.86418	-0.007327939	0.5268065
1	-0.1295691	-0.2701836	1.086077	0	0.2326881	-0.02718995	8.413946	0.08427514	0.9631754
1.02	-0.06225254	-0.2701836	1.415138	0	0.1828655	-0.1370659	9.593184	0.06900839	0.63578
1.04	-0.1594673	-0.3384733	0.897704	0	0.1775223	-0.1337122	8.551306	-0.0378623	0.2577903
1.06	-0.211325	-0.3384733	0.6366233	0	0.2083519	-0.049604	8.364393	-0.06839666	0.7835711
1.08	-0.08861192	-0.2701836	1.271886	0	0.1866283	-0.1195873	10.62204	-0.0378623	1.105679
1.1	-0.0954622	-0.2701836	1.194455	0	0.2154472	-0.117147	9.156878	0.007939241	0.466721
1.12	-0.1457674	-0.3384733	0.9463125	0	0.1861357	-0.132096	9.485593	-0.007327939	0.5213519
1.14	-0.09768668	-0.2701836	1.174609	0	0.1948986	-0.119709	9.828516	-0.05312948	0.7821431
1.16	-0.152846	-0.3384733	0.8981372	0	0.1864866	-0.1396778	9.803627	-0.05312948	0.5493932
1.18	-0.09622879	-0.2701836	1.17491	0	0.1999088	-0.1232161	10.23515	0.0384736	0.850624
1.2	-0.08035542	-0.2701836	1.231809	0	0.2036345	-0.1355291	9.818848	0.0384736	0.5742857
1.22	-0.1576398	-0.3384733	0.8418014	0	0.1992045	-0.1214788	9.387358	-0.02259512	0.49593
1.24	-0.1390894	-0.3384733	0.9715441	0	0.1676625	-0.1678647	11.36502	-0.02259512	0.9124696
1.26	-0.1831639	-0.3384733	0.7525696	0	0.2234828	-0.1124748	10.54982	0.05374078	0.8203242
1.28	-0.152616	-0.3384733	0.9475933	0	0.2310652	-0.1184932	11.68715	-0.007327939	1.101639
1.3	-0.08722202	-0.2701836	1.272177	0	0.2735092	-0.09393658	11.04416	0.05374078	0.9533012
1.32	-0.09267694	-0.2701836	1.220165	0	0.3076052	-0.0357096	9.031889	0.007939241	0.6202601
1.34	-0.06228612	-0.2701836	1.370945	0	0.2683605	-0.06091167	9.090883	0.0384736	0.6410124
1.36	-0.1537831	-0.3384733	0.9079409	0	0.2459145	-0.06072665	8.341553	-0.05312948	0.4364781
1.38	-0.2505848	-0.4067631	0.4706262	0	0.2321356	-0.04401937	9.30207	-0.05312948	0.903196
1.4	0.1742731	0.002975464	2.531575	0	0.2764449	-0.04922409	10.24088	0.05374078	1.430719
1.42	-0.1323298	-0.3384733	0.9000244	0	0.2487518	-0.0745284	5.083589	0.02320642	-0.8000118
1.44	-0.1719842	-0.3384733	0.7368886	0	0.1645257	-0.05613039	7.81753	0.08427514	0.7708027
1.46	-0.6020595	-0.6116323	-1.338012	0	0.2704162	0.1274608	6.285721	-0.7706869	0.9723111
1.48	-0.2311376	-0.4067631	0.7755544	0	0.203435	-0.09431812	17.6272	0.8323669	3.377972
1.5	0.8506454	0.6175833	5.872229	0	0.430228	-0.1204794	12.64016	-0.1905337	1.453082
1.52	-0.3183877	-0.6799221	-0.1595696	0	0.2256199	-0.1980851	-0.9582605	2.878168	-4.256088
1.54	0.3037733	0.2761335	2.815732	0	0.2490533	0.2303104	1.826861	6.878168	1.685369
1.56	-0.2116739	-0.3384733	0.1082273	0	0.1279907	0.04625179	-2.516868	-6.129465	-1.548891
1.58	0.5046288	0.002975464	3.792216	0	-0.431981	-0.8006974	17.76846	-7.030228	1.130655
1.6	0.479272	0.2761335	3.120519	0	-0.2425719	-0.6988696	5.487997	0.6796947	-2.84107
1.62	0.9619484	0.6858721	5.002368	0	-0.3361945	-0.6275906	1.377364	0.9850388	-2.528472
1.64	1.766549	1.983377	7.707238	0	0.1621465	0.376465	-29.95296	-4.083663	-5.079937
1.66	0.5974557	0.6858721	1.008667	0	-0.3138264	0.5089616	-48.9779	-8.022594	-9.144554
1.68	1.376513	1.641927	4.210456	0	-0.8532915	0.3416839	-39.44405	-9.488243	-3.21778
1.7	1.242708	1.641927	2.460603	0	-1.088643	0.09601443	-48.70854	-16.98443	-7.323209
1.72	2.672767	2.597983	8.535515	0	-1.917638	-0.9927695	-33.70706	-13.33557	-6.397515
1.74	2.46974	2.871142	5.555601	0	-1.951449	-0.8065284	-62.64214	-11.83939	-13.99525
1.76	2.718414	2.871142	5.321134	0	-2.869507	-1.405975	-57.22094	-12.92336	-12.52716
1.78	4.405558	4.168647	11.89164	0	-3.969445	-2.963384	-41.36805	-15.68672	-13.71473
1.8	3.599219	4.236936	5.0022	0	-3.877019	-2.319403	-83.05006	-26.26687	-22.47905
1.82	3.870722	4.510095	4.24229	0	-4.627053	-2.37116	-79.54424	-32.78595	-17.35519
1.84	5.816594	6.080756	11.48917	0	-5.561167	-3.726367	-65.88548	-35.1371	-18.1297
1.86	4.548463	5.124701	2.254211	0	-6.100502	-4.09941	-89.27872	-37.91572	-27.82236
1.88	3.417337	4.168647	-5.082337	0	-7.078294	-4.623795	-64.37331	-40.02259	-20.21429
1.9	4.838652	5.739308	0.3086123	0	-7.210949	-5.308357	-31.266	-37.94625	-13.06588
1.92	4.753477	5.32957	-1.956122	0	-7.147754	-6.049287	-24.56565	-37.24397	-18.88622
1.94	6.197536	6.149047	3.691237	0	-7.555454	-7.165776	2.5944	-24.67908	-16.95589
1.96	5.199369	5.739308	-3.39684	0	-6.902111	-6.435043	-23.36161	9.519388	-23.54461
1.98	5.238878	5.739308	-4.370616	0	-6.835595	-6.020552	-12.89022	9.855267	-16.85539
2	5.072601	5.739308	-6.245831	0	-6.406865	-5.678576	-11.6123	3.076642	-15.99
2.02	6.076237	6.149047	-1.888555	0	-6.557986	-6.391292	10.19944	0.8170993	-13.99589
2.04	6.56127	6.422206	-0.5209076	0	-6.500028	-6.857968	9.267879	9.794198	-18.71677
2.06	5.618649	5.466149	-5.975349	0	-6.62934	-6.927242	6.54295	15.04611	-20.83378
2.08	5.29974	5.807599	-8.14674	0	-6.056905	-5.869322	2.348095	9.397251	-15.5127
2.1	5.865876	6.422206	-5.78414	0	-5.444013	-5.187685	-0.5331688	-2.663816	-13.05346
2.12	5.352456	5.466149	-8.37821	0	-5.507741	-5.490448	3.011514	-0.1599997	-15.50047
2.14	5.121493	5.056413	-9.129362	0	-5.735336	-5.982544	22.21911	8.633893	-12.78571
2.16	4.129216	4.441804	-13.60145	0	-5.23779	-5.560183	25.14237	11.30565	-11.59094
2.18	4.561705	4.168647	-10.14703	0	-5.444928	-6.500656	64.96928	12.93924	-5.987045
2.2	5.197531	4.851542	-6.381418	0	-4.698749	-6.459784	66.82743	14.92397	-8.380383
2.22	4.166992	4.510095	-11.29334	0	-3.218134	-4.361584	26.024	28.93923	-11.65896
2.24	4.170737	4.168647	-10.0805	0	-2.942511	-3.652244	28.67078	27.27512	-6.076402
2.26	2.34763	2.871142	-17.854	0	-2.188603	-2.467896	11.54384	22.16061	-6.739147
2.28	2.415382	2.529693	-15.16455	0	-2.195523	-2.631686	44.0753	2.481221	2.504994
2.3	3.686317	3.554038	-7.156264	0	-1.637214	-2.90386	53.27247	15.91633	1.402852
2.32	3.813863	3.280881	-5.35323	0	-1.350276	-2.968537	37.83558	13.35145	-6.065758
2.34	1.919675	1.573638	-13.29468	0	-1.366089	-2.452494	23.26596	30.66443	-7.968609
2.36	2.071177	1.573638	-10.36057	0	-1.765593	-2.85744	52.84265	23.24458	0.8165417
2.38	0.5629883	1.300479	-16.5484	0	-0.2368461	-0.8375678	18.43474	2.374351	-1.123501
2.4	1.188914	0.9590311	-10.85553	0	-0.420644	-1.263085	50.56601	-0.9996946	6.682415
2.42	0.9591174	0.6858721	-10.05706	0	-0.0005759597	-1.408501	48.50383	16.45069	2.18295
2.44	0.9565304	0.3444233	-8.012314	0	0.01689428	-1.615495	55.34774	15.0003	2.374385
2.46	1.357229	1.02732	-4.623054	0	0.6059206	-0.9093606	38.81097	31.51939	1.098976
2.48	1.426925	0.6858721	-2.911203	0	0.400528	-1.053652	29.92142	15.68733	-2.102362
2.5	0.6042224	0.2761335	-5.946813	0	0.4370314	-0.4582208	9.060371	20.08428	-4.047457
2.52	0.05682984	0.002975464	-7.401283	0	0.3558773	0.04369846	3.333171	1.610993	-0.9627736
2.54	-0.6385485	-0.6799221	-9.331862	0	0.1250601	-0.08355373	10.13138	-9.014961	0.8491817
2.56	-1.022895	-1.362819	-9.342438	0	-0.3306721	-0.9553739	36.25607	-10.63328	3.570045
2.58	-0.6133286	-0.6799221	-5.951027	0	0.165679	-0.7769205	40.28761	-0.3890074	4.723674
2.6	-1.267035	-1.362819	-7.921538	0	0.6450156	-0.3235108	30.47573	4.954504	2.161469
2.62	-0.4327951	-0.6799221	-2.471327	0	0.8933308	-0.06498499	33.06154	16.23695	5.055896
2.64	-1.142869	-1.704267	-4.794404	0	0.7358977	-0.4060154	27.41117	12.13008	-0.1245108
2.66	-0.7331637	-1.362819	-1.530907	0	0.476095	-0.669818	36.3387	12.23695	2.592242
2.68	-0.8829008	-0.6799221	-2.027972	0	1.394951	0.8101436	-0.7227979	4.465954	-0.5110579
2.7	-1.443215	-2.045715	-3.600735	0	0.5410192	0.04578453	11.25677	-2.48061	-0.09400749
2.72	-2.089652	-1.704267	-6.183195	0	1.069789	1.110179	-5.252386	-3.640915	1.652923
2.74	-1.617244	-1.704267	-2.721864	0	0.7873397	0.7095208	9.929974	-6.282136	4.83952
2.76	-1.46896	-1.635977	-1.322126	0	0.7454758	0.3634438	8.667025	-4.175267	1.690053
2.78	-1.494188	-1.635977	-0.9793661	0	0.716679	0.407156	2.641913	4.298015	0.3567448
2.8	-1.873849	-1.772556	-2.513114	0	0.8218902	0.8426391	-8.393335	3.03084	-0.02276754
2.82	-1.507956	-1.704267	-0.1103197	0	0.4105473	0.3702295	1.823867	-1.732519	1.62242
2.84	-2.07999	-2.045715	-2.6895	0	0.4129873	0.4142688	-5.630199	-4.831755	-0.8601766
2.86	-1.985998	-2.045715	-1.695893	0	0.1827224	0.2003981	4.427767	-0.2668696	1.927199
2.88	-2.180393	-2.114005	-2.33457	0	0.2898766	0.2309253	3.41198	-4.526412	1.187971
2.9	-0.7286749	-0.9530802	4.991352	0	0.2230345	-0.095658	9.658183	-0.4806105	2.178205
2.92	-0.818356	-1.02137	3.955837	0	0.2679754	-0.004776247	-15.52547	-0.06839666	-5.73341
2.94	-0.9529214	-1.02137	2.793318	0	-0.05692966	0.2666408	-28.17917	1.656794	-5.569809
2.96	-2.547545	-2.387164	-5.178745	0	-0.570761	0.2020341	-28.95525	-11.06076	-5.199389
2.98	-2.532758	-2.387164	-4.487975	0	-1.08426	-0.4736	5.782917	-22.12946	3.137554
3	-2.376519	-2.318874	-3.291314	0	-0.9758784	-1.122625	25.97815	-18.40427	3.308895
3.02	-0.7666352	-1.02137	4.696131	0	-0.6282876	-1.44201	35.11711	4.572825	3.014745
3.04	-1.810465	-2.045715	-0.8614675	0	-0.2408406	-1.033995	10.20453	7.168244	-5.140119
3.06	-2.258644	-2.045715	-2.998512	0	0.1436669	0.1068924	2.478436	19.51939	0.5249944
3.08	-2.203276	-2.045715	-2.340211	0	0.3252794	0.3523059	6.728389	-11.16763	3.159214
3.1	-1.258656	-1.704267	2.797533	0	-0.005953521	-0.5595941	24.12487	4.191145	2.988413
3.12	-1.358623	-1.704267	2.124532	0	0.1083333	-0.6053962	11.63285	5.488855	-2.263183
3.14	-1.789297	-1.772556	-0.2069369	0	0.3519307	0.1770145	-4.104053	12.02321	-1.829456
3.16	-1.921229	-2.045715	-0.6286381	0	0.09890062	0.07952652	2.077974	-6.297404	0.4808681
3.18	-2.072376	-2.045715	-1.227565	0	0.1397456	0.1124591	3.586085	-1.335572	1.043682
3.2	-0.7527442	-1.02137	5.308603	0	0.03018567	-0.3066646	11.967	-0.3737398	1.933368
3.22	-2.416737	-2.455454	-3.234084	0	0.1251127	-0.02296133	-9.794143	1.198779	-5.127039
3.24	-2.374785	-2.318874	-2.531869	0	-0.06773128	0.118844	8.855232	2.725496	3.698983
3.26	-2.253546	-2.387164	-1.479429	0	-0.09028987	-0.4200818	23.3243	-10.86229	3.609766
3.28	-1.38207	-1.02137	2.529635	0	0.8891454	0.6719767	3.842507	10.75603	3.152936
3.3	-2.013739	-2.045715	-0.6121613	0	0.9014587	0.8538098	-9.486916	9.000305	-0.970964
3.32	-2.106293	-2.045715	-0.8085976	0	0.7596086	0.9901296	-6.450962	7.901069	2.151645
3.34	-1.635743	-2.045715	1.942758	0	0.1801755	-0.04578698	12.91026	-5.701984	2.49592
3.36	-0.4664786	-0.6799221	7.238206	0	0.3724623	-0.0504635	2.857102	-2.251602	-0.3071086
3.38	-0.4004981	-0.7482109	6.693041	0	0.1755283	-0.04423749	-18.9085	3.473587	-6.483245
3.4	-2.023383	-2.045715	-1.865741	0	-0.2923481	0.2124808	-30.96814	0.8323669	-7.127879
3.42	-1.207378	-0.7482109	1.839377	0	-0.2957327	0.6473763	-22.32603	-3.640915	1.344629
3.44	-2.860187	-2.318874	-6.563996	0	-0.2623691	0.687037	-28.28522	-21.12183	-2.565501
3.46	-2.41438	-2.318874	-3.554403	0	-0.7975683	-0.2727733	16.43521	-17.21343	6.614351
3.48	-1.234261	-1.02137	2.187181	0	-0.1389432	-0.3788006	20.06228	2.832367	4.588151
3.5	-1.447193	-2.045715	1.24117	0	-0.4375008	-1.282437	27.07804	-0.2058013	-0.9567633
3.52	-1.866118	-2.114005	-0.81335	0	-0.2207015	-0.9336051	24.78596	20.60336	0.103236
3.54	-1.828365	-2.045715	-0.3967316	0	0.0009834766	-0.6849319	29.09807	12.02321	2.611064
3.56	-1.867546	-2.045715	-0.388463	0	0.3551799	-0.376757	27.00472	1.091909	2.680687
3.58	-1.669807	-2.045715	0.9263146	0	0.4600975	-0.3947824	30.57584	1.351451	3.121673
3.6	-1.544227	-1.977426	1.754939	0	0.5866241	-0.3627239	28.43772	2.282748	2.081002
3.62	-1.667221	-2.045715	1.282908	0	0.7223163	-0.1210887	22.16173	5.397252	1.359145
3.64	-1.794767	-2.114005	0.8508253	0	0.7930126	0.115344	18.76109	3.015573	1.930199
3.66	-1.761811	-1.977426	1.173767	0	0.9314576	0.3951711	14.61149	0.5880921	2.512054
3.68	-0.5769908	-0.9530802	6.927623	0	0.9476406	0.3459651	11.58195	0.5728249	2.286913
3.7	-1.978574	-2.387164	-0.2187388	0	0.6583501	0.2400635	-4.552591	-0.3584731	-4.201905
3.72	-2.195548	-2.318874	-0.9737453	0	0.3866557	0.378757	7.82713	-0.007327939	2.876024
3.74	-2.543267	-2.318874	-2.511785	0	0.7477856	0.7638928	7.086182	-5.640915	4.038273
3.76	-1.808854	-2.318874	1.806927	0	0.3157874	-0.2956327	35.32635	-7.595114	6.264453
3.78	-2.443674	-2.387164	-1.407521	0	1.048238	0.4305957	16.50527	7.412519	2.279587
3.8	-0.4732609	-1.08966	8.599697	0	0.8579194	-0.03525272	32.2533	11.10717	6.057203
3.82	-1.998272	-2.045715	0.3382792	0	1.436549	0.9274434	-12.42125	9.962137	-4.610094
3.84	-1.045914	-2.045715	5.687938	0	0.1145047	-0.4603692	26.79524	7.809465	3.484563
3.86	-2.851747	-2.045715	-4.153418	0	1.511864	1.760155	-26.931	-4.69435	-2.268061
3.88	-1.865989	-2.455454	1.802177	0	0.3007182	0.2728837	25.36181	-13.74779	8.104864
3.9	-2.920278	-2.387164	-3.696356	0	1.353434	1.329432	-2.434123	3.763664	2.429576
3.92	-1.23473	-2.387164	5.797396	0	0.05425775	-0.9260613	55.65177	-5.732519	8.72057
3.94	-1.992458	-2.318874	1.586992	0	0.8029034	-0.462374	27.39704	16.48122	-0.7755359
3.96	-0.5371192	-2.455454	9.591747	0	-0.7363493	-2.840691	79.63702	5.519389	3.646853
3.98	-1.87609	-2.455454	2.095765	0	0.1953712	-1.679301	38.87358	8.069008	-4.804141
4	-0.7103317	-1.362819	7.662967	0	0.3818329	-0.9130847	39.9417	-19.03023	2.882107
4.02	-2.131371	-1.362819	-0.6338625	0	2.088542	2.068387	-30.10918	-1.518778	-3.113073
4.04	-1.183248	-1.362819	4.402322	0	1.377596	1.804281	-10.60513	-20.19053	5.16805
4.06	-2.022243	-1.362819	-0.3957765	0	1.946193	2.782464	-44.04166	-1.106564	-0.351072
4.08	-0.7233288	-1.635977	6.718338	0	0.124909	0.2336144	9.167982	2.450687	4.290792
4.1	-1.520509	-1.431108	1.896618	0	0.4586588	0.4757028	-15.40877	-0.2821372	-3.476131
4.12	-0.9390328	-1.704267	4.917047	0	-0.6548218	-0.9465455	19.29766	5.488855	1.132028
4.14	-2.12089	-1.772556	-1.733404	0	0.1051411	0.1072239	-5.626603	-11.47298	-2.156619
4.16	-0.9904505	-1.635977	4.26609	0	-0.6768625	-1.13898	36.00781	-0.9996946	4.971044
4.18	-1.668003	-1.704267	0.3269833	0	0.005091995	-0.6595547	17.60155	-9.198168	-0.9398136
4.2	-1.192356	-1.362819	2.601629	0	0.2197776	-0.274642	22.53695	12.8171	3.37908
4.22	-1.709569	-1.294529	-0.4674938	0	1.159631	1.098709	-5.304374	-5.77832	1.259921
4.24	-1.765375	-1.362819	-0.707531	0	1.520442	1.945732	-12.05284	10.71023	4.603498
4.26	-1.525614	-1.294529	0.6538491	0	1.572591	1.983963	-11.00648	-4.114198	5.105356
4.28	-1.885575	-1.362819	-1.182011	0	1.949256	2.610788	-25.34232	12.00794	3.806526
4.3	-1.920192	-1.704267	-0.9218776	0	1.672227	2.334926	-15.37791	7.000306	5.813398
4.32	-1.766977	-1.704267	0.2212528	0	1.439774	1.779608	-4.260233	10.61863	5.796105
4.34	-1.543598	-1.704267	1.617161	0	1.194588	1.148801	5.991142	5.977405	4.861423
4.36	-1.69282	-1.704267	0.9059352	0	1.316406	1.217258	2.351962	9.35145	3.559971
4.38	-1.402337	-1.635977	2.529773	0	1.13899	0.9118767	9.982353	2.32855	4.428806
4.4	-1.751982	-1.704267	0.6888219	0	1.40586	1.294073	-0.415781	0.2216793	2.81438
4.42	-1.652984	-1.704267	1.348442	0	1.363302	1.339497	3.566413	1.229313	4.815373
4.44	-1.509223	-1.635977	2.154013	0	1.329522	1.175014	5.684826	-0.6180151	4.295158
4.46	-1.551489	-1.704267	1.978307	0	1.300438	1.099726	5.216401	-0.06839666	3.526376
4.48	-1.635457	-1.704267	1.572613	0	1.353863	1.228427	3.278881	0.5728249	3.743804
4.5	-1.621264	-1.704267	1.708268	0	1.355255	1.248312	4.284645	-0.2058013	4.249065
4.52	-1.521967	-1.635977	2.238891	0	1.353235	1.201571	5.199235	-0.1905337	4.217021
4.54	-1.542213	-1.635977	2.114617	0	1.390031	1.247747	3.129408	0.1453443	3.726528
4.56	-1.518529	-1.635977	2.238105	0	1.359877	1.236847	3.391237	-0.1447325	3.881234
4.58	-0.2518865	-0.4067631	8.127406	0	1.450964	1.268706	-0.8441671	0.02320642	3.778319
4.6	-1.489996	-1.704267	1.506987	0	1.193438	1.197477	-18.46075	0.02320642	-2.935686
4.62	-1.620192	-1.635977	0.9046478	0	0.8210573	1.205212	-6.301706	0.02320642	3.417777
4.64	-2.081962	-1.635977	-1.537097	0	1.191925	1.7035	-11.09145	-4.58748	4.170578
4.66	-0.4615754	-0.6799221	6.614838	0	0.8809345	0.866959	11.79836	-16.26687	7.129499
4.68	-1.751052	-1.772556	-0.2471717	0	1.068987	0.9521436	-8.522693	1.977405	-1.416676
4.7	-1.224529	-1.772556	2.831134	0	0.3013157	0.01321447	24.98841	2.206412	5.601354
4.72	-1.813983	-1.704267	-0.3787524	0	0.9187881	0.56703	11.82626	5.290381	2.710879
4.74	0.3596945	-0.4067631	10.48555	0	0.5024649	-0.4057086	37.59985	-8.48061	6.443468
4.76	-1.977642	-1.772556	-2.096258	0	1.428737	1.06522	-16.07011	5.366717	-5.167539
4.78	0.8524899	-0.3384733	12.48987	0	-0.009260416	-0.7451907	41.57729	2.114809	7.675282
4.8	-0.07580234	-0.3384733	6.349554	0	0.6567127	-0.1608465	-9.280691	-1.243969	-7.925872
4.82	0.2975429	-0.6799221	7.873661	0	-0.5201802	-1.027998	11.18003	-13.82412	-2.683634
4.84	-1.265329	-0.6799221	-1.16266	0	0.3775299	0.790816	-29.92329	10.80183	-5.075065
4.86	-2.20456	-2.045715	-5.369351	0	-0.1745904	0.5525917	-0.1444664	-29.28977	4.086601
4.88	0.5568057	-0.7482109	9.192888	0	-1.510357	-2.710022	77.50247	-23.19817	9.407365
4.9	0.1749313	-0.6799221	6.243356	0	-0.8392331	-2.92063	51.23883	-9.274504	-5.262659
4.92	-0.3449572	-0.6799221	2.894987	0	-0.1492359	-1.330697	27.87123	17.90107	-2.561368
4.94	-1.388239	-0.6799221	-2.940868	0	1.189243	1.274766	-10.13203	-3.121831	0.8256128
4.96	-0.1548489	-0.6799221	3.858745	0	0.4491264	0.1524274	26.98447	-7.640915	7.24984
4.98	-0.3370579	-0.6799221	2.720041	0	0.6362872	-0.1130633	17.19258	-4.938625	0.4254616
5	-0.2999396	-0.6799221	2.845513	0	0.5864363	-0.02056569	16.95799	14.66443	1.483704
5.02	-2.352633	-2.045715	-7.236957	0	1.094316	1.093323	-0.205039	8.023206	1.272579
5.04	-0.5292677	-0.6799221	2.710547	0	0.9857586	0.7100114	36.87814	5.962138	12.54128
5.06	-0.6627035	-0.6799221	1.85902	0	1.743896	1.040161	12.39354	0.1911454	2.992526
5.08	-0.4291528	-0.7482109	3.208841	0	1.677837	1.197762	9.622407	13.85527	3.877645
5.1	-0.9275682	-0.6799221	0.5326772	0	2.173566	2.245145	-15.62284	8.099542	2.306957
5.12	-0.5059525	-1.02137	3.191869	0	1.306506	1.20192	6.860509	7.046106	4.915854
5.14	-1.293998	-0.9530802	-0.963546	0	1.821888	2.029913	-15.822	-3.427175	2.030229
5.16	-0.85411	-0.9530802	1.659412	0	1.421766	1.632995	1.043317	5.229314	6.382388
5.18	-1.211468	-1.08966	-0.07353437	0	1.579253	1.691923	-5.019897	-3.106564	3.809405
5.2	-1.340224	-1.02137	-0.5742955	0	1.844281	2.204189	-8.962516	9.290381	5.754822
5.22	-1.353519	-1.02137	-0.4160335	0	2.050387	2.489202	-10.8669	0.8018326	6.560533
5.24	-1.078682	-0.9530802	1.239239	0	2.01015	2.316544	-6.843554	8.16061	6.674139
5.26	-0.8513129	-1.02137	2.607591	0	1.724404	1.739503	-0.5628271	7.091908	5.079871
5.28	-0.8699411	-0.9530802	2.4965	0	1.666869	1.654513	-3.982774	9.198778	3.590879
5.3	-1.256213	-1.362819	0.7033802	0	1.463489	1.506311	-1.994234	1.855267	3.563701
5.32	-1.364993	-1.362819	0.370478	0	1.427484	1.48306	3.810431	0.1758782	5.494429
5.34	-1.406199	-1.362819	0.3686692	0	1.558573	1.524478	6.923537	0.007939241	6.146236
5.36	-1.319631	-1.362819	1.046583	0	1.664068	1.494971	10.66904	0.9697711	6.51844
5.38	-1.490742	-1.635977	0.5124338	0	1.703512	1.393505	14.02328	2.832367	6.14522
5.4	-1.565204	-1.704267	0.5162566	0	1.818291	1.435325	17.81976	6.450686	7.064062
5.42	-1.566741	-1.704267	0.8791269	0	2.020221	1.561122	19.11438	1.427786	7.505901
5.44	-0.1262885	-0.3384733	7.964059	0	2.349784	1.780519	13.66294	4.954504	7.557828
5.46	-0.363745	-0.6799221	6.259473	0	2.383836	1.991813	-13.43484	4.862902	-0.1476231
5.48	-0.5947316	-0.6799221	4.704024	0	2.117858	2.426306	-27.5868	2.557557	0.6903489
5.5	-0.6026546	-0.7482109	4.425004	0	1.491228	2.003416	-24.08587	-16.61801	1.528412
5.52	-0.9613894	-1.08966	2.428868	0	0.9047092	1.363504	-16.17546	-18.83175	1.221061
5.54	-1.097822	-1.02137	1.526979	0	0.707973	1.136507	-7.965888	-17.12183	3.028408
5.56	-1.532467	-1.362819	-0.7167097	0	0.7301084	1.061085	-0.8978848	-15.35084	4.04734
5.58	-1.11654	-1.362819	1.645167	0	0.4535895	0.2517075	25.02066	-7.213434	6.815754
5.6	-1.534147	-1.362819	-0.5896322	0	1.142187	0.8164009	16.03473	-0.2974039	4.919991
5.62	-1.170874	-1.362819	1.549917	0	1.265679	0.7723198	28.12806	7.290382	7.822183
5.64	0.4490918	0.2761335	9.183542	0	1.859978	1.149604	16.89647	16.8171	6.153612
5.66	0.8122689	0.2761335	10.12704	0	1.796951	1.170037	-9.877608	10.89343	-2.222292
5.68	0.7267864	0.3444233	8.716216	0	1.346473	1.404454	-31.46877	17.04611	-4.580542
5.7	0.1232038	0.2761335	4.66426	0	1.011502	1.921854	-51.18384	2.862901	-4.61247
5.72	-1.908569	-1.294529	-5.748408	0	0.567619	2.20779	-51.30529	-16.75542	-1.536469
5.74	-2.039441	-1.362819	-5.792752	0	0.2148567	1.695865	-9.835093	-28.2058	9.475979
5.76	-0.7204103	-0.2701836	0.9858057	0	0.6030349	1.040634	15.16413	-27.24397	10.83403
5.78	0.1393618	-0.3384733	5.269762	0	0.4624714	-0.2289911	29.61312	-12.49588	4.677095
5.8	0.2615667	-0.3384733	5.499107	0	0.462082	-0.5308674	24.81725	6.54229	0.2613909
5.82	-1.199937	-1.362819	-1.962891	0	0.6946039	0.188	11.42858	14.69496	-0.3051741
5.84	-1.482177	-1.362819	-2.902928	0	0.9885364	0.8298274	23.01851	7.549923	7.731909
5.86	-1.075773	-1.362819	-0.1525689	0	1.093105	0.3438046	44.07553	-2.26687	9.699248
5.88	-0.6584814	-1.362819	2.518808	0	1.177559	-0.2851825	57.00716	5.046107	7.778631
5.9	-0.7615676	-1.294529	2.240499	0	1.717858	0.1903158	46.40842	20.71023	5.588424
5.92	0.3228505	-0.06531429	7.51895	0	2.365604	1.138006	28.68215	19.67206	6.232915
5.94	0.03909251	-0.2701836	5.669752	0	2.692868	1.999616	-6.139471	16.7713	0.4275913
5.96	-0.03774542	-0.4067631	5.185403	0	2.238465	2.158308	-14.93357	6.832367	1.497354
5.98	-0.6135211	-0.3384733	1.921597	0	2.308666	2.927958	-36.02065	-5.717251	1.222454
6	-0.4781675	-0.6799221	2.83377	0	1.404211	1.990432	-16.19787	-15.70198	4.081558
6.02	-0.8343874	-0.6799221	0.8898711	0	1.281539	1.784936	-16.15512	-11.41191	2.879726
6.04	-0.3016651	-0.6799221	3.735091	0	0.5905995	0.6112977	10.14023	-5.442442	4.869483
6.06	0.1192101	0.3444233	5.04061	0	1.198145	1.230904	-8.728298	-3.732518	1.945273
6.08	-0.5234753	-1.08966	1.879463	0	0.3692611	0.1825824	6.030351	2.557557	0.2131615
6.1	-1.094557	-0.9530802	-1.100528	0	0.6276416	0.6645703	6.407606	-2.312671	3.359585
6.12	-1.121513	-0.9530802	-1.043555	0	0.9312308	0.9216871	15.4824	-5.579847	6.93371
6.14	0.5789588	0.3444233	7.360423	0	1.153066	0.6010457	25.30781	-2.831755	7.607075
6.16	0.6696768	0.3444233	7.047403	0	1.437932	0.7888461	-1.151066	6.847634	-1.181189
6.18	0.4735925	0.3444233	5.372163	0	1.386135	1.425672	-21.17766	14.29801	-1.725972
6.2	-0.2486095	0.002975464	1.248502	0	1.288602	2.01992	-35.27793	-6.633282	-0.8732603
6.22	-0.02695348	0.002975464	2.306339	0	0.6741157	1.420032	-17.99154	-15.33557	2.93001
6.24	0.07840501	0.002975464	2.60772	0	0.2865958	0.6214833	-6.352074	-17.30504	1.666209
6.26	0.1677518	0.07126522	2.725039	0	0.1109848	0.2013757	0.7984396	-2.740152	1.22188
6.28	0.01695874	0.002975464	1.616923	0	0.1495194	0.1705963	2.205627	-2.495877	1.013964
6.3	-0.1892549	0.002975464	0.2928561	0	0.4332758	0.5758591	-0.2418718	0.496489	2.193053
6.32	0.0903239	0.002975464	1.688869	0	0.3653209	0.2985331	11.06977	0.2522141	3.773031
6.34	0.05208625	0.002975464	1.344878	0	0.5591034	0.3267899	10.08175	0.5728249	2.529778
6.36	0.1102462	0.002975464	1.582609	0	0.6680753	0.4007429	11.49799	4.404886	3.023278
6.38	0.1360315	0.002975464	1.671314	0	0.7753531	0.4634439	11.31571	1.855267	2.899073
6.4	0.1391444	0.002975464	1.663747	0	0.8742608	0.5654202	10.22155	3.458321	2.888571
6.42	0.179044	0.002975464	1.875568	0	0.9078314	0.5876938	10.379	2.145344	2.951624
6.44	0.1205863	0.002975464	1.562285	0	1.006868	0.7364477	7.422058	2.282748	2.756384
6.46	0.1395247	0.002975464	1.691383	0	1.027117	0.7937039	7.19543	0.5270229	3.097108
6.48	0.1341751	0.002975464	1.687161	0	1.048948	0.8270433	6.272481	0.05374078	2.976175
6.5	0.1764325	0.002975464	1.938531	0	1.007481	0.7687784	7.126206	0.0384736	2.97689
6.52	0.1865997	0.002975464	1.999486	0	0.9721799	0.7130116	7.173204	-0.007327939	2.692094
6.54	0.2449366	0.07126522	2.260078	0	0.9572339	0.7051951	6.538696	-0.05312948	2.585898
6.56	0.1861912	0.002975464	1.939302	0	0.9088073	0.6684855	5.924307	0.02320642	2.240253
6.58	0.08084618	-0.06531429	1.418575	0	0.8798167	0.6774132	6.233561	-0.1752669	2.50626
6.6	0.1324859	0.002975464	1.692706	0	0.8858362	0.6788266	7.706933	-0.06839666	3.060921
6.62	0.1514471	0.002975464	1.785526	0	0.9002539	0.6536585	7.917046	0.007939241	2.814407
6.64	0.1501656	0.002975464	1.771379	0	0.9198315	0.6720313	7.493196	0.1453443	2.727816
6.66	0.1605013	0.002975464	1.824531	0	0.9196798	0.6715158	7.541355	0.0384736	2.74176
6.68	0.1326199	0.002975464	1.672129	0	0.9502914	0.7254043	6.401701	0.007939241	2.679175
6.7	0.156247	0.002975464	1.805937	0	0.9329847	0.7081708	7.02315	-0.02259512	2.832527
6.72	0.2344819	0.07126522	2.175038	0	0.9259827	0.6817809	6.925614	0.007939241	2.687146
6.74	0.1357144	0.002975464	1.640627	0	0.9390637	0.7312741	4.74702	-0.02259512	2.251576
6.76	0.1597982	0.002975464	1.781947	0	0.883774	0.6886473	6.482859	-0.007327939	2.763688
6.78	0.2497606	0.07126522	2.210455	0	0.8485723	0.6021693	7.527823	-0.1141978	2.608659
6.8	0.1396618	0.002975464	1.605376	0	0.8682687	0.646063	5.458735	0.05374078	2.11526
6.82	0.04105018	-0.06531429	1.133813	0	0.871498	0.7049317	5.944517	-0.0378623	2.710752
6.84	0.1126923	0.002975464	1.531137	0	0.8919635	0.7016128	7.774489	0.007939241	3.258341
6.86	0.114025	0.002975464	1.543096	0	0.9470112	0.727035	6.996801	-0.0378623	2.91222
6.88	0.1349029	0.002975464	1.669298	0	0.9641474	0.7426212	6.903399	0.1300767	2.929329
6.9	0.134664	0.002975464	1.680352	0	0.9797261	0.7627939	6.240788	0.0384736	2.808162
6.92	0.1830944	0.002975464	1.952588	0	0.9302549	0.6865532	7.401192	-0.02259512	2.790138
6.94	0.175967	0.002975464	1.908415	0	0.9113373	0.6558665	6.977167	-0.0378623	2.479988
6.96	0.1600732	0.002975464	1.815797	0	0.9009843	0.6663059	6.519115	-0.08366384	2.485094
6.98	0.1332661	0.002975464	1.666581	0	0.9103233	0.7051905	5.806504	-0.06839666	2.550552
7	0.1477061	0.002975464	1.744812	0	0.890093	0.684194	6.448744	-0.06839666	2.691197
7.02	0.07793692	-0.06531429	1.414803	0	0.87544	0.6609368	6.824277	-0.007327939	2.601545
7.04	0.1265427	0.002975464	1.67042	0	0.8999528	0.6859392	7.399355	0.0384736	2.967663
7.06	0.2091573	0.07126522	2.057391	0	0.9285709	0.6950009	6.673992	-0.02259512	2.730292
7.08	0.1542658	0.002975464	1.759097	0	0.9173724	0.6967388	5.368709	0.05374078	2.291228
7.1	0.1122825	0.002975464	1.537058	0	0.9257825	0.7600142	4.548811	-0.007327939	2.551211
7.12	0.1110179	0.002975464	1.540519	0	0.9197289	0.7668523	4.905005	0.0384736	2.769732
7.14	0.1347643	0.002975464	1.674998	0	0.895506	0.7158256	5.885897	-0.02259512	2.771001
7.16	0.1368067	0.002975464	1.683771	0	0.8885712	0.6903021	6.044887	0.02320642	2.630312
7.18	0.1866868	0.07126522	1.898665	0	0.9132365	0.7258422	5.185815	0.0384736	2.613059
7.2	0.1269926	0.002975464	1.581494	0	0.9010449	0.7297128	4.34678	0.007939241	2.353275
7.22	0.09569728	0.002975464	1.422825	0	0.9065027	0.7714261	4.187388	0.0384736	2.651508
7.24	0.1361124	0.002975464	1.651994	0	0.8658994	0.6971812	6.032846	-0.007327939	2.823142
7.26	0.1170334	0.002975464	1.546762	0	0.8824949	0.697346	5.63382	0.02320642	2.593375
7.28	0.1073894	0.002975464	1.498744	0	0.9016457	0.7303402	5.396872	-0.007327939	2.706107
7.3	0.1280081	0.002975464	1.617154	0	0.8940874	0.7094093	6.020185	-0.06839666	2.767802
7.32	0.1306602	0.002975464	1.633487	0	0.8960633	0.6991104	5.982934	0.0384736	2.65073
7.34	0.1382259	0.002975464	1.675696	0	0.8891739	0.687012	6.127549	0.007939241	2.629951
7.36	0.1364564	0.002975464	1.665187	0	0.8870229	0.6842949	6.00297	0.05374078	2.577434
7.38	0.126828	0.002975464	1.612709	0	0.8927307	0.7002754	5.657926	0.05374078	2.577066
7.4	0.1932217	0.07126522	1.921107	0	0.9023747	0.7159089	5.270532	0.05374078	2.623439
7.42	0.1300702	0.002975464	1.584316	0	0.8882188	0.7131457	4.280064	0.007939241	2.263917
7.44	0.111607	0.002975464	1.493422	0	0.874907	0.7280693	4.569593	0.007939241	2.575735
7.46	0.09915634	0.002975464	1.433708	0	0.8811688	0.7369839	4.712279	-0.007327939	2.668256
7.48	0.05833831	-0.06531429	1.272675	0	0.8523526	0.6826762	6.185391	0.05374078	2.74303
7.5	0.0363112	-0.06531429	1.203632	0	0.878417	0.6940433	6.957197	-0.007327939	2.953634
7.52	0.1123983	0.002975464	1.611441	0	0.921557	0.7122577	7.370496	0.007939241	3.097415
7.54	0.1400061	0.002975464	1.756427	0	0.9423576	0.7102225	6.619925	0.05374078	2.712197
7.56	0.1056722	0.002975464	1.570533	0	0.984658	0.7990124	4.402038	0.0384736	2.546505
7.58	0.1569037	0.002975464	1.855994	0	0.9279009	0.7402905	5.505191	-0.0378623	2.713919
7.6	0.1489615	0.002975464	1.804135	0	0.9013557	0.704075	5.029355	-0.09893101	2.380175
7.62	0.1509386	0.002975464	1.802856	0	0.8630652	0.6726346	5.231825	0.02320642	2.383591
7.64	0.1551505	0.002975464	1.807617	0	0.8240167	0.6260602	5.708534	-0.02259512	2.341498
7.66	0.275835	0.139555	2.332979	0	0.828557	0.6315972	4.998188	-0.05312948	2.298963
7.68	0.06330368	-0.06531429	1.22337	0	0.7969468	0.6360199	3.205696	0.02320642	1.659907
7.7	0.08726628	0.002975464	1.352519	0	0.7890608	0.6765395	5.042507	-0.0378623	2.773718
7.72	0.07168743	0.002975464	1.264857	0	0.8343832	0.7006975	4.916616	-0.06839666	2.68402
7.74	0.129945	0.002975464	1.583823	0	0.8146573	0.6333539	6.830039	0.0384736	2.818524
7.76	0.2600995	0.139555	2.176336	0	0.8569437	0.6463777	5.782936	-0.05312948	2.514299
7.78	0.1262512	0.002975464	1.45879	0	0.8541088	0.6775801	3.370121	-0.02259512	1.837812
7.8	0.1022261	0.002975464	1.349076	0	0.8304707	0.7074556	4.193165	0.0384736	2.525191
7.82	0.1140811	0.002975464	1.427244	0	0.8112505	0.659615	5.548387	0.02320642	2.649047
7.84	0.1806955	0.07126522	1.741825	0	0.8298065	0.6525859	5.634199	0.007939241	2.590309
7.86	0.1896171	0.07126522	1.74791	0	0.8387645	0.6590245	4.600512	0.02320642	2.251502
7.88	0.203993	0.07126522	1.790209	0	0.8105879	0.6398747	4.47709	-0.0378623	2.198526
7.9	0.1055013	0.002975464	1.275323	0	0.8027895	0.662029	3.701354	-0.0378623	2.099279
7.92	0.04833329	0.002975464	0.9934432	0	0.8424129	0.754032	3.434824	0.0384736	2.622263
7.94	0.06121086	0.002975464	1.098855	0	0.8640843	0.7644808	4.555502	0.08427514	2.966804
7.96	0.1135672	0.002975464	1.411538	0	0.8525088	0.6890495	6.290316	0.06900839	2.923713
7.98	0.1875044	0.07126522	1.775514	0	0.8783112	0.6803287	5.856761	0.02320642	2.638459
8	0.1637265	0.002975464	1.663905	0	0.8372952	0.620025	5.853014	-0.007327939	2.239998
8.02	0.128938	0.002975464	1.486675	0	0.8342337	0.6435697	5.374759	-0.09893101	2.316622
8.04	0.08624589	0.002975464	1.2707	0	0.8681253	0.7188006	4.404111	-0.05312948	2.487526
8.06	0.09504795	0.002975464	1.341323	0	0.8739366	0.7322487	4.839285	-0.02259512	2.725889
8.08	0.08638149	0.002975464	1.314535	0	0.8981655	0.7563226	4.437206	-0.08366384	2.675006
8.1	0.1260824	0.002975464	1.549178	0	0.8722	0.7048202	5.519793	0.02320642	2.720023
8.12	0.1288106	0.002975464	1.571252	0	0.8649402	0.678362	5.385643	-0.0378623	2.478103
8.14	0.1565291	0.002975464	1.723806	0	0.8253255	0.618845	6.206893	-0.007327939	2.440048
8.16	0.1063588	0.002975464	1.447275	0	0.8558206	0.6776665	4.568894	0.02320642	2.25629
8.18	0.1242082	0.002975464	1.549494	0	0.8348126	0.6689723	5.24257	0.007939241	2.52637
8.2	0.2098344	0.07126522	1.957682	0	0.8172646	0.6242124	5.567757	-0.0378623	2.413876
8.22	0.1307326	0.002975464	1.524784	0	0.8070108	0.6263946	4.171445	0.007939241	1.939667
8.24	0.1150801	0.002975464	1.443079	0	0.7864284	0.6379056	4.703688	-0.02259512	2.342209
8.26	0.1048663	0.002975464	1.388562	0	0.7877086	0.6353384	5.045269	0.007939241	2.422983
8.28	0.08343115	0.002975464	1.275933	0	0.8189937	0.6764678	4.668314	0.007939241	2.49089
8.3	0.1091971	0.002975464	1.424748	0	0.8153489	0.6566609	5.566429	-0.007327939	2.630969
8.32	0.114989	0.002975464	1.460243	0	0.8233569	0.6449032	5.622471	0.02320642	2.496004
8.34	0.09175077	0.002975464	1.340525	0	0.8574935	0.6979173	4.663301	-0.06839666	2.465404
8.36	0.1294567	0.002975464	1.556125	0	0.832297	0.6581371	5.701334	-0.0378623	2.597397
8.38	0.0875439	0.002975464	1.33308	0	0.8727518	0.7169819	4.109264	-0.0378623	2.372333
8.4	0.1256955	0.002975464	1.552287	0	0.8408939	0.6807261	5.220637	-0.02259512	2.600624
8.42	0.1069785	0.002975464	1.452849	0	0.8512381	0.6888085	4.475087	0.08427514	2.367607
8.44	0.0895336	0.002975464	1.365098	0	0.8656722	0.7305954	3.839519	0.007939241	2.457642
8.46	0.1302991	0.002975464	1.593116	0	0.8239053	0.6658838	5.143393	-0.05312948	2.545382
8.48	0.1358959	0.002975464	1.616929	0	0.801908	0.6177932	5.33533	-0.02259512	2.296757
8.5	0.1166341	0.002975464	1.50369	0	0.8042559	0.6328022	4.815169	-0.007327939	2.247011
8.52	0.1005998	0.002975464	1.412867	0	0.8134578	0.6634378	4.432477	-0.007327939	2.346813
8.54	0.1006074	0.002975464	1.412935	0	0.8150876	0.6708752	4.524404	0.0384736	2.43661
8.56	0.1048675	0.002975464	1.436041	0	0.8139766	0.6643909	4.685222	0.02320642	2.43769
8.58	0.1062263	0.002975464	1.442698	0	0.8145753	0.6611171	4.710587	0.05374078	2.413198
8.6	0.1142445	0.002975464	1.484942	0	0.8070312	0.6465488	4.947795	-0.02259512	2.403418
8.62	0.1230926	0.002975464	1.528974	0	0.7946059	0.6229022	5.229401	0.02320642	2.35328
8.64	0.1651143	0.07126522	1.698793	0	0.8245722	0.6685401	4.066918	-0.007327939	2.296259
8.66	0.101668	0.002975464	1.361268	0	0.8156791	0.6839808	3.099103	0.007939241	2.080446
8.68	0.1055842	0.002975464	1.391749	0	0.7840456	0.6615351	4.122339	0.02320642	2.400712
8.7	0.08796108	0.002975464	1.298765	0	0.7919793	0.6642195	4.093135	-0.007327939	2.367802
8.72	0.1018297	0.002975464	1.378214	0	0.7846652	0.644069	4.835896	0.007939241	2.473037
8.74	0.07059056	0.002975464	1.212126	0	0.8257316	0.6978169	3.864102	-0.02259512	2.402264
8.76	0.183121	0.07126522	1.77899	0	0.8089099	0.6588894	4.938666	0.05374078	2.590824
8.78	0.07943799	0.002975464	1.223121	0	0.8407806	0.711804	2.460909	-0.06839666	1.976919
8.8	0.09983782	0.002975464	1.353246	0	0.8024228	0.6946921	3.897749	0.007939241	2.525928
8.82	0.08904672	0.002975464	1.30254	0	0.8046017	0.6796744	3.960356	0.05374078	2.396162
8.84	0.1727407	0.07126522	1.709576	0	0.8004572	0.6590112	4.369003	0.02320642	2.454619
8.86	0.1057241	0.002975464	1.351884	0	0.7925054	0.6517355	3.339258	-0.0378623	2.003208
8.88	0.1496115	0.07126522	1.547621	0	0.7997404	0.6910797	3.143214	0.007939241	2.343693
8.9	0.08973829	0.002975464	1.237811	0	0.7839231	0.6777705	2.808054	0.02320642	2.114083
8.92	0.09173319	0.002975464	1.263332	0	0.7602248	0.6527358	4.006044	0.02320642	2.421551
8.94	0.1315948	0.07126522	1.435666	0	0.800043	0.6912417	3.354917	-0.02259512	2.410597
8.96	0.1525952	0.07126522	1.515291	0	0.802889	0.6933654	2.791976	0.0384736	2.225677
8.98	0.0647283	0.002975464	1.063832	0	0.805859	0.7270161	1.822796	0.007939241	2.106857
9	0.05364773	0.002975464	1.034245	0	0.8028453	0.7432685	2.708261	0.007939241	2.570037
9.02	0.05341868	0.002975464	1.059018	0	0.8185627	0.7407459	3.249908	0.0384736	2.636782
9.04	0.06020068	0.002975464	1.120175	0	0.8383838	0.7445111	3.530516	-0.0378623	2.651881
9.06	0.1048872	0.002975464	1.382676	0	0.8162271	0.6808054	4.796004	-0.06839666	2.622671
9.08	0.1053631	0.002975464	1.393692	0	0.8188195	0.6629766	4.541429	-0.06839666	2.361938
9.1	0.08733264	0.002975464	1.304877	0	0.8358804	0.7002882	3.747554	0.06900839	2.34347
9.12	0.1049715	0.002975464	1.411647	0	0.8184885	0.6822845	4.188172	0.0384736	2.430686
9.14	0.004844222	-0.06531429	0.9290547	0	0.8354843	0.7204478	3.332369	-0.02259512	2.312043
9.16	0.07596891	0.002975464	1.324095	0	0.843397	0.7316226	4.476331	-0.007327939	2.841798
9.18	0.1011045	0.002975464	1.461278	0	0.8465988	0.6991127	4.28158	-0.05312948	2.46352
9.2	0.08411094	0.002975464	1.369523	0	0.863922	0.7372348	3.061517	0.007939241	2.309418
9.22	0.1005734	0.002975464	1.462785	0	0.8393381	0.7215119	3.271637	0.02320642	2.383045
9.24	0.1015479	0.002975464	1.465008	0	0.8178167	0.6968687	3.20215	-0.007327939	2.261339
9.26	0.08499891	0.002975464	1.369698	0	0.8126205	0.7068559	2.737687	0.007939241	2.229089
9.28	0.07759155	0.002975464	1.325945	0	0.8061574	0.7139056	2.659632	0.0384736	2.305712
9.3	0.08866457	0.002975464	1.381526	0	0.786232	0.6854702	3.195101	-0.007327939	2.339308
9.32	0.07361428	0.002975464	1.292433	0	0.7929804	0.6951539	2.847049	0.007939241	2.271421
9.34	0.1616346	0.07126522	1.711056	0	0.7802584	0.6698098	3.321798	0.02320642	2.357633
9.36	0.05185542	0.002975464	1.112811	0	0.8107215	0.7354046	0.8957897	0.0384736	1.883144
9.38	0.08480222	0.002975464	1.302458	0	0.7583678	0.6920173	2.94925	-0.0378623	2.475763
9.4	0.04375715	0.002975464	1.079041	0	0.7910894	0.7215706	2.146633	-0.007327939	2.2852
9.42	0.08168901	0.002975464	1.291222	0	0.7674051	0.6778935	3.673431	0.007939241	2.531784
9.44	0.05355197	0.002975464	1.138175	0	0.8042353	0.7118516	2.777329	-0.007327939	2.328382
9.46	0.09203069	0.002975464	1.35321	0	0.7820706	0.6725455	3.981358	0.0384736	2.500239
9.48	0.06019127	0.002975464	1.180533	0	0.817937	0.7151271	2.788888	-0.02259512	2.284224
9.5	-0.002263773	-0.06531429	0.9048975	0	0.8153246	0.7294093	3.147835	0.0384736	2.466245
9.52	0.04488933	0.002975464	1.166774	0	0.8533452	0.7705113	3.393695	-0.02259512	2.79405
9.54	0.08624069	0.002975464	1.396053	0	0.8514509	0.7346999	3.633909	-0.007327939	2.561163
9.56	0.02679543	-0.06531429	1.126626	0	0.8358138	0.7129946	3.478939	0.02320642	2.318982
9.58	0.09210292	0.002975464	1.474209	0	0.8307641	0.7064008	4.154626	-0.007327939	2.604645
9.6	0.08079039	0.002975464	1.401269	0	0.8505429	0.7291793	2.778905	0.05374078	2.242031
9.62	0.08334819	0.002975464	1.410131	0	0.8399305	0.7425128	2.356083	-0.02259512	2.288791
9.64	0.06741585	0.002975464	1.318477	0	0.8378545	0.7623183	1.65055	0.02320642	2.249184
9.66	0.09991387	0.002975464	1.488791	0	0.7867897	0.6965371	2.769679	-0.05312948	2.317904
9.68	0.06019039	0.002975464	1.258562	0	0.8003343	0.7241727	1.635052	-0.02259512	2.112026
9.7	0.09961048	0.002975464	1.463095	0	0.7489179	0.6580828	3.207311	-0.0378623	2.32913
9.72	0.052022	0.002975464	1.187352	0	0.7794828	0.7009161	1.888031	0.02320642	2.099982
9.74	0.03507734	0.002975464	1.092335	0	0.8020128	0.7583332	1.537236	-0.02259512	2.377274
9.76	0.08512045	0.002975464	1.363106	0	0.7638432	0.6837122	3.259692	-0.02259512	2.489401
9.78	0.07112828	0.002975464	1.275755	0	0.7746115	0.6771775	2.801376	-0.06839666	2.211509
9.8	0.06039415	0.002975464	1.212168	0	0.7876578	0.7065601	2.473805	0.007939241	2.295143
9.82	0.1442325	0.07126522	1.611042	0	0.7861376	0.6959924	2.679645	0.007939241	2.362464
9.84	0.2068872	0.139555	1.842935	0	0.8013877	0.718747	0.7202001	-0.007327939	1.913804
9.86	0.0474402	0.002975464	0.9940317	0	0.7816356	0.7651425	-1.403241	0.02320642	1.570279
9.88	-0.01737382	-0.06531429	0.719813	0	0.7090394	0.7161487	1.417626	0.007939241	2.396186
9.9	0.05124714	0.002975464	1.094824	0	0.7035663	0.6466736	4.005239	-0.1905337	2.735674
9.92	0.1396483	0.002975464	1.562286	0	0.6541294	0.4797531	6.772935	0.02320642	2.411453
9.94	0.02957647	-0.06531429	0.9944625	0	0.6950529	0.5110109	5.485729	-0.06839666	1.938781
9.96	0.07286328	0.002975464	1.220097	0	0.7476268	0.5969614	5.638694	-0.007327939	2.559533
9.98	0.08137597	0.002975464	1.264291	0	0.7934449	0.6372967	4.760183	0.06900839	2.371679
10	0.122112	0.002975464	1.488527	0	0.7777648	0.6062834	5.229225	0.0384736	2.339814
10.02	0.05198023	-0.06531429	1.157916	0	0.7643769	0.5910248	4.928885	-0.05312948	2.094173
10.04	0.01161246	-0.06531429	0.9876755	0	0.7902066	0.6494275	4.802395	0.02320642	2.441208
10.06	0.1580542	0.07126522	1.723449	0	0.8217871	0.6688598	4.952077	0.05374078	2.664073
10.08	0.1096879	0.002975464	1.456998	0	0.8234048	0.6676094	2.926611	-0.0378623	1.884596
10.1	0.07290512	0.002975464	1.261694	0	0.8244901	0.7343106	1.743712	-0.02259512	2.100313
10.12	0.07081984	0.002975464	1.257627	0	0.8046461	0.7358512	1.857262	0.007939241	2.271135
10.14	0.08617924	0.002975464	1.342078	0	0.7707391	0.6868132	2.571268	0.007939241	2.258208
10.16	0.064184	0.002975464	1.217457	0	0.7746174	0.696389	2.060663	-0.007327939	2.152407
10.18	0.03967147	0.002975464	1.084761	0	0.7947589	0.7445649	1.438929	0.007939241	2.269494
10.2	0.06188014	0.002975464	1.209831	0	0.7788598	0.7199552	2.261611	0.02320642	2.411631
10.22	0.0546372	0.002975464	1.16986	0	0.7870607	0.720251	2.023535	-0.05312948	2.286895
10.24	0.06352358	0.002975464	1.219037	0	0.78101	0.7107719	2.301042	-0.02259512	2.328472
10.26	0.04653342	0.002975464	1.127072	0	0.7987	0.7380153	1.703796	0.02320642	2.276401
10.28	0.07837619	0.002975464	1.302403	0	0.7703995	0.6933494	2.721986	-0.007327939	2.372644
10.3	0.07080838	0.002975464	1.255718	0	0.7703116	0.6827499	2.453296	-0.0378623	2.185885
10.32	0.06742434	0.002975464	1.233578	0	0.7684484	0.6881375	2.382194	-0.02259512	2.222582
10.34	0.05105688	0.002975464	1.14288	0	0.7827142	0.7169738	1.885704	-0.06839666	2.238318
10.36	0.07049435	0.002975464	1.249423	0	0.7662889	0.6924992	2.550511	-0.007327939	2.332024
10.38	0.1662572	0.07126522	1.708937	0	0.7421392	0.6330057	3.169713	-0.007327939	2.219896
10.4	0.06611206	0.002975464	1.158308	0	0.7535993	0.6695509	1.055354	0.02320642	1.693539
10.42	0.1191066	0.07126522	1.398418	0	0.7488354	0.7071396	1.267182	0.02320642	2.223013
10.44	0.06041398	0.002975464	1.087525	0	0.7277013	0.6803014	1.074813	-0.5111449	1.94586
10.46	-0.007685198	0.002975464	0.731046	0	0.7767237	0.7833207	0.02366716	0.1148095	2.252075
10.48	0.07062423	0.002975464	1.176118	0	0.721547	0.6768364	3.202297	0.05374078	2.657485
10.5	0.143649	0.07126522	1.51729	0	0.7331455	0.6285282	3.200513	-0.02259512	2.230213
10.52	0.04478778	0.002975464	0.9867739	0	0.7669063	0.6962923	1.05455	0.02320642	1.851004
10.54	0.0710375	0.002975464	1.147422	0	0.7307162	0.6703773	2.735916	0.08427514	2.386744
10.56	0.06249127	0.002975464	1.107595	0	0.737451	0.6537895	2.858927	-0.007327939	2.235182
10.58	-0.01236166	-0.06531429	0.7633392	0	0.745234	0.6651366	3.104016	-0.02259512	2.289279
10.6	0.05476715	0.002975464	1.133974	0	0.7700018	0.6772858	4.160258	-0.007327939	2.698058
10.62	0.007029399	-0.06531429	0.9312862	0	0.7845161	0.6625742	4.058602	0.02320642	2.360813
10.64	0.003964968	-0.06531429	0.9692414	0	0.8020157	0.6802967	4.607326	-0.06839666	2.610211
10.66	0.05425	0.002975464	1.239244	0	0.8597527	0.7411562	3.706531	-0.05312948	2.624939
10.68	0.1106396	0.002975464	1.545036	0	0.8382504	0.696387	3.751035	0.05374078	2.362643
10.7	0.08179948	0.002975464	1.381533	0	0.8480338	0.7354642	1.767117	0.05374078	2.008184
10.72	0.0931166	0.002975464	1.440613	0	0.8061311	0.7205341	1.77376	0.007939241	2.123117
10.74	0.09400881	0.002975464	1.434209	0	0.7632305	0.6779753	1.854764	0.007939241	2.011172
10.76	0.07047535	0.002975464	1.290533	0	0.7469985	0.6795697	1.401764	-0.007327939	1.967991
10.78	0.03739393	0.002975464	1.099264	0	0.7571802	0.7233982	0.7234339	-0.02259512	2.082248
10.8	0.01961111	0.002975464	0.9993094	0	0.773015	0.7636999	0.4623401	0.06900839	2.270878
10.82	0.03535932	0.002975464	1.085248	0	0.7668141	0.7476211	1.140014	0.02320642	2.384631
10.84	0.1153577	0.07126522	1.46236	0	0.7701209	0.7279938	1.248308	0.0384736	2.307009
10.86	0.06637858	0.002975464	1.19457	0	0.7440495	0.6930599	0.7525408	0.0384736	1.884363
10.88	0.07507345	0.002975464	1.238586	0	0.6991975	0.6454456	2.006792	0.0384736	2.125321
10.9	-0.02507801	-0.06531429	0.739352	0	0.7048221	0.654758	1.951471	-0.007327939	2.068331
10.92	0.02839713	0.002975464	1.024006	0	0.7359927	0.6875548	3.010091	0.007939241	2.625935
10.94	0.1761746	0.139555	1.714083	0	0.7930055	0.7171041	1.952569	0.007939241	2.384916
10.96	0.03966825	0.002975464	0.9852799	0	0.8073986	0.7699339	-1.015637	-0.007327939	1.622405
10.98	-0.01657279	-0.06531429	0.7578543	0	0.7424953	0.7408813	1.00972	0.007939241	2.325912
11	0.02509303	0.002975464	0.9897962	0	0.7576973	0.7313203	2.092263	-0.2058013	2.596797
11.02	0.1088262	0.002975464	1.44144	0	0.7042105	0.5913925	4.416975	0.05374078	2.400436
11.04	0.06128807	0.002975464	1.167204	0	0.7473673	0.6367472	2.519699	-0.09893101	1.93017
11.06	0.06836929	0.002975464	1.204077	0	0.7451261	0.6610361	2.616737	0.007939241	2.200049
11.08	0.1845181	0.07126522	1.774211	0	0.7019651	0.5755526	3.826757	0.007939241	2.158209
11.1	0.09179059	0.002975464	1.257684	0	0.6980371	0.5809948	1.940257	0.0384736	1.511654
11.12	0.07531922	0.002975464	1.165927	0	0.6747946	0.5986587	2.495231	-0.007327939	1.992641
11.14	-0.06081844	-0.06531429	0.4815177	0	0.7270176	0.6956504	1.277688	-0.2210685	2.081666
11.16	0.0198173	0.002975464	0.9321094	0	0.7529462	0.7200848	3.109278	0.1453443	2.85406
11.18	0.07558925	0.002975464	1.239	0	0.7549633	0.6483268	3.93599	-0.1141978	2.461368
11.2	0.06525624	0.002975464	1.182791	0	0.7841161	0.6757727	2.777109	0.2216793	2.159486
11.22	0.07329459	0.002975464	1.232262	0	0.7815576	0.6885722	2.517858	-0.1294654	2.209908
11.24	0.04469907	0.002975464	1.083143	0	0.8045956	0.7415191	1.258275	0.05374078	2.144708
11.26	0.0821484	0.002975464	1.295394	0	0.7626185	0.6905804	2.343248	0.0384736	2.288174
11.28	0.04960205	0.002975464	1.117496	0	0.7771227	0.7147	1.220894	-0.0378623	2.051525
11.3	0.04205813	0.002975464	1.081833	0	0.7776114	0.7402703	1.021188	-0.02259512	2.218761
11.32	0.0605394	0.002975464	1.18578	0	0.7544319	0.7049959	1.679687	-0.08366384	2.251319
11.34	0.07369243	0.002975464	1.252955	0	0.7301624	0.6587471	2.18163	0.007939241	2.135875
11.36	0.08575752	0.002975464	1.307985	0	0.7027298	0.6126484	2.717211	-0.0378623	2.05044
11.38	0.05486633	0.002975464	1.127705	0	0.7188647	0.6448769	1.887961	-0.08366384	1.973242
11.4	0.04491524	0.002975464	1.069824	0	0.729172	0.6763965	1.734916	0.02320642	2.150391
11.42	-0.04121912	-0.06531429	0.6573617	0	0.7469254	0.7122706	1.515321	0.05374078	2.21554
11.44	0.0143426	0.002975464	0.9632785	0	0.784776	0.7550317	2.160798	0.007939241	2.691451
11.46	0.04971453	0.002975464	1.158494	0	0.797008	0.7312229	2.221107	-0.007327939	2.424838
11.48	0.1309852	0.07126522	1.546616	0	0.8048822	0.7296748	1.542759	0.09954232	2.229063
11.5	0.1621724	0.07126522	1.663269	0	0.7636522	0.6842514	0.7007443	0.06900839	1.774096
11.52	0.08397856	0.002975464	1.238659	0	0.7060639	0.6557217	0.07879698	-0.02259512	1.55276
11.54	0.06114416	0.002975464	1.112034	0	0.6614175	0.6337993	1.027815	-0.0378623	1.924836
11.56	0.03472602	0.002975464	0.9618568	0	0.6643392	0.6370941	1.358141	0.0384736	2.042203
11.58	0.03977878	0.002975464	0.9860553	0	0.6685722	0.6274861	2.226252	-0.02259512	2.214281
11.6	0.01952691	0.002975464	0.8755135	0	0.711816	0.6706843	1.818546	-0.02259512	2.21905
11.62	0.05035501	0.002975464	1.049985	0	0.7139668	0.6531454	2.789346	0.05374078	2.369345
11.64	0.01831932	0.002975464	0.8825017	0	0.7697978	0.7196872	1.476811	-0.007327939	2.216832
11.66	0.0477774	0.002975464	1.059036	0	0.7681892	0.716433	2.117857	0.007939241	2.414112
11.68	0.04811243	0.002975464	1.071884	0	0.779084	0.7177697	1.763561	0.007939241	2.247809
11.7	0.06711615	0.002975464	1.184791	0	0.7626962	0.6929139	2.11348	-0.007327939	2.235823
11.72	0.09336351	0.002975464	1.32836	0	0.7250957	0.6287962	2.834128	0.06900839	2.109553
11.74	0.04901128	0.002975464	1.082604	0	0.7493326	0.6783624	1.373723	0.02320642	1.936193
11.76	0.1472209	0.07126522	1.563668	0	0.7212626	0.6482517	2.159546	0.05374078	2.174228
11.78	0.04013956	0.002975464	0.9819224	0	0.7397433	0.6946509	-0.1601307	-0.007327939	1.629626
11.8	0.05810225	0.002975464	1.090466	0	0.6936537	0.6681687	1.460257	-0.0378623	2.196396
11.82	0.1140731	0.002975464	1.388222	0	0.619845	0.5176671	3.989095	-0.1294654	2.086381
11.84	-0.02816242	-0.06531429	0.6518813	0	0.6666803	0.5828225	2.331333	-0.0378623	1.765662
11.86	-0.07441312	-0.06531429	0.4562751	0	0.7323717	0.7048894	2.520424	0.0384736	2.565876
11.88	0.01259912	0.002975464	0.9364786	0	0.7921042	0.739679	3.260439	0.09954232	2.87417
11.9	0.04306167	0.002975464	1.109995	0	0.8331272	0.7503904	2.386044	-0.0378623	2.447654
11.92	0.09131487	0.002975464	1.380079	0	0.8046369	0.7028465	2.658527	0.1453443	2.2766
11.94	0.0984964	0.002975464	1.415501	0	0.7735351	0.6658174	2.181405	-0.0378623	1.964372
11.96	0.0812173	0.002975464	1.313457	0	0.7513137	0.668218	1.443073	0.06900839	1.872623
11.98	-0.07555266	-0.133604	0.5622933	0	0.7186384	0.667846	1.567047	-0.1141978	1.928515
12	0.01513455	0.002975464	1.04151	0	0.7590023	0.7252765	2.611124	0.0384736	2.743599
12.02	0.04676903	0.002975464	1.199619	0	0.7849886	0.713957	2.043344	-0.05312948	2.30039
12.04	0.05035346	0.002975464	1.209698	0	0.7951351	0.7357639	1.107518	0.02320642	2.132504
12.06	0.07558401	0.002975464	1.33834	0	0.7592006	0.6978446	1.404239	0.02320642	2.096207
12.08	0.05538279	0.002975464	1.214172	0	0.7504697	0.7026058	0.6034875	0.0384736	1.923955
12.1	0.02501334	0.002975464	1.039766	0	0.7582766	0.7491566	-0.2675844	0.05374078	2.014639
12.12	0.05853004	0.002975464	1.215043	0	0.7127489	0.6897048	1.061203	0.06900839	2.177385
12.14	-0.004320698	0.002975464	0.8617471	0	0.7608639	0.7670183	-0.8055467	-0.02259512	1.980312
12.16	0.04301636	0.002975464	1.119453	0	0.7211647	0.7181941	0.9372618	0.05374078	2.345314
12.18	0.06755548	0.002975464	1.239307	0	0.6894507	0.6365138	1.850306	-0.0378623	2.082623
12.2	0.04285565	0.002975464	1.087766	0	0.7020022	0.6538048	1.186628	-0.0378623	1.943351
12.22	-0.004765105	-0.06531429	0.8714376	0	0.6702477	0.6165547	2.362035	0.06900839	2.090035
12.24	0.009946113	0.002975464	0.9351552	0	0.7297176	0.6909975	1.858689	0.02320642	2.343041
12.26	0.04084802	0.002975464	1.097134	0	0.745395	0.6924537	2.005728	0.007939241	2.31481
12.28	0.06718366	0.002975464	1.233414	0	0.7352464	0.6608334	2.225195	0.007939241	2.158547
12.3	0.09306924	0.002975464	1.36186	0	0.7012336	0.6037525	2.734061	0.0384736	2.003707
12.32	0.1522745	0.07126522	1.611025	0	0.6953287	0.5964649	2.08024	-0.007327939	1.838827
12.34	0.05178816	0.002975464	1.055353	0	0.7000746	0.6477902	0.04064637	0.007939241	1.51218
12.36	-0.02127869	-0.06531429	0.7142056	0	0.6613187	0.6438996	1.323051	-0.0378623	2.041865
12.38	0.01924075	0.002975464	0.9278432	0	0.6887398	0.6601319	2.269329	0.0384736	2.430527
12.4	0.03077966	0.002975464	0.9860558	0	0.7221127	0.6693872	2.085782	-0.007327939	2.258306
12.42	0.04630288	0.002975464	1.070836	0	0.7349077	0.6741734	2.065877	0.05374078	2.222283
12.44	0.06110602	0.002975464	1.15153	0	0.7312355	0.6603408	2.137051	0.0384736	2.142458
12.46	0.06640127	0.002975464	1.178101	0	0.7231431	0.6480758	2.057029	0.0384736	2.052011
12.48	0.04034337	0.002975464	1.034981	0	0.7413608	0.6900744	1.088235	0.02320642	2.009025
12.5	0.04425461	0.002975464	1.060324	0	0.7362404	0.6981676	1.187409	0.02320642	2.148064
12.52	0.03288697	0.002975464	1.001679	0	0.745371	0.7152523	0.7853655	0.06900839	2.11849
12.54	0.06361805	0.002975464	1.171249	0	0.7136104	0.6648147	1.790906	0.0384736	2.177766
12.56	-0.05290122	-0.06531429	0.5901709	0	0.7448405	0.720834	0.5056634	-0.0378623	1.993746
12.58	0.05955716	0.002975464	1.202342	0	0.7139332	0.6654936	3.122539	-0.05312948	2.629071
12.6	0.02280901	0.002975464	0.9915441	0	0.7737048	0.7159235	0.9642009	0.007939241	2.023099
12.62	0.04060518	0.002975464	1.092073	0	0.7713271	0.7376798	0.9521407	0.05374078	2.23672
12.64	-0.02204312	-0.06531429	0.8067434	0	0.7538371	0.7192006	1.073424	-0.05312948	2.125517
12.66	0.05524462	0.002975464	1.219508	0	0.7396464	0.6876659	2.360099	-0.05312948	2.4378
12.68	0.08430896	0.002975464	1.359628	0	0.7189716	0.6255859	2.442809	0.0384736	2.017073
12.7	0.03395854	0.002975464	1.069178	0	0.7533905	0.7030729	0.3759946	-0.007327939	1.837975
12.72	0.04693215	0.002975464	1.135276	0	0.7326955	0.7070804	0.7177262	-0.0378623	2.111061
12.74	0.06173457	0.002975464	1.205565	0	0.70269	0.6593193	1.254441	0.007939241	2.026176
12.76	0.01566902	0.002975464	0.9437876	0	0.7325675	0.7181734	-0.121609	0.05374078	1.930878
12.78	0.105253	0.07126522	1.374377	0	0.7209721	0.7097086	0.4372205	-0.007327939	2.193816
12.8	0.0338646	0.002975464	0.9842883	0	0.7130291	0.70358	-0.7037055	-0.08366384	1.713687
12.82	0.04207813	0.002975464	1.030688	0	0.6741453	0.672742	0.5829638	-0.0378623	2.084942
12.84	0.0445047	0.002975464	1.03684	0	0.6583374	0.630127	1.343548	-0.1447325	2.035715
12.86	-0.003704496	0.002975464	0.7700206	0	0.7093921	0.7061391	0.1501684	-0.0378623	2.033602
12.88	0.03682127	0.002975464	0.9964951	0	0.6934165	0.674964	1.628019	0.08427514	2.333472
12.9	0.02981292	0.002975464	0.9578211	0	0.7142388	0.6766459	1.318279	0.007939241	2.122929
12.92	0.06185984	0.002975464	1.133239	0	0.6944752	0.6356888	2.253152	0.02320642	2.175008
12.94	0.05522825	0.002975464	1.092357	0	0.7002272	0.6318241	1.920378	-0.05312948	1.994676
12.96	0.03883832	0.002975464	1.002381	0	0.7169098	0.6679508	1.322723	-0.06839666	2.03
12.98	-0.008029468	-0.06531429	0.8039606	0	0.6900625	0.6348566	2.298554	0.08427514	2.122859
13	0.00689224	0.002975464	0.8812863	0	0.7505111	0.7144076	1.614714	-0.08366384	2.360064
13.02	0.07159732	0.002975464	1.23453	0	0.7274823	0.6529392	2.76199	0.08427514	2.316651
13.04	0.07467577	0.002975464	1.24251	0	0.7234411	0.6306019	2.196254	-0.007327939	1.948416
13.06	0.03898003	0.002975464	1.043376	0	0.7462397	0.6945412	0.7181769	-0.09893101	1.910998
13.08	0.0458008	0.002975464	1.082904	0	0.73241	0.7005661	0.860768	-0.06839666	2.096991
13.1	0.04292467	0.002975464	1.066329	0	0.7245052	0.6929942	0.7688004	-0.08366384	2.043753
13.12	0.04920672	0.002975464	1.097793	0	0.7080175	0.6727966	1.048712	0.02320642	2.048264
13.14	0.07611332	0.002975464	1.235589	0	0.6680779	0.6055771	2.067594	-0.007327939	2.003551
13.16	0.04004446	0.002975464	1.025742	0	0.6868269	0.636733	1.059639	0.05374078	1.84123
13.18	0.0296829	0.002975464	0.965406	0	0.6966396	0.6710745	0.906502	-0.007327939	2.04705
13.2	0.04948771	0.002975464	1.070637	0	0.6821209	0.641963	1.658792	-0.05312948	2.114787
13.22	-0.05278577	-0.06531429	0.5658016	0	0.7102216	0.6867986	0.8625445	-0.02259512	2.008616
13.24	0.02510788	0.002975464	0.9904968	0	0.7229484	0.6955641	2.273381	-0.007327939	2.574472
13.26	0.02168834	0.002975464	0.9694941	0	0.7667757	0.7226772	1.099526	0.05374078	2.17765
13.28	0.1365166	0.07126522	1.541784	0	0.7457784	0.6846929	1.589072	0.02320642	2.206016
13.3	0.0389486	0.002975464	1.011665	0	0.7550232	0.7217438	-0.9425422	-0.02259512	1.56163
13.32	0.01809621	0.002975464	0.9101347	0	0.7370855	0.7609254	-0.8585575	0.0384736	2.056048
13.34	-0.0003494676	0.002975464	0.8196428	0	0.7411314	0.7764851	-0.9265506	-0.2058013	2.152466
13.36	0.05338468	0.002975464	1.117271	0	0.6864544	0.6766807	1.170424	0.3743511	2.255214
13.38	0.09997734	0.07126522	1.307661	0	0.7052963	0.6762326	0.3356614	-0.1447325	1.9469
13.4	0.02041368	0.002975464	0.8778699	0	0.7090203	0.7115506	-1.018011	0.0384736	1.708953
13.42	0.02649754	0.002975464	0.9198083	0	0.6800259	0.6957964	0.1742991	0.05374078	2.130322
13.44	0.007318167	0.002975464	0.8185764	0	0.6956235	0.70429	0.1195492	-0.1752669	2.096262
13.46	0.06225936	0.07126522	1.071137	0	0.7334439	0.7507929	-0.3829053	0.05374078	2.220631
13.48	0.04963113	0.002975464	1.016163	0	0.6911058	0.6790472	0.3123472	0.0384736	1.954159
13.5	0.04866145	0.002975464	1.015166	0	0.6641422	0.6378092	1.100347	0.0384736	1.994478
13.52	0.04292921	0.002975464	0.9829106	0	0.6592031	0.6218316	1.455719	-0.05312948	1.992907
13.54	-0.002289591	0.002975464	0.7398432	0	0.7100213	0.7024225	0.2506186	0.007939241	2.032254
13.56	0.04316009	0.002975464	0.9986281	0	0.6884111	0.6622161	1.802703	0.0384736	2.308479
13.58	0.0424233	0.002975464	0.996615	0	0.6984084	0.6470211	1.654996	-0.05312948	2.061371
13.6	0.01143063	0.002975464	0.8346832	0	0.7388211	0.7160652	0.4793309	0.02320642	2.068371
13.62	0.136022	0.07126522	1.468212	0	0.70436	0.6536384	1.862899	-0.007327939	2.248102
13.64	0.04584621	0.002975464	0.9810167	0	0.710147	0.6644341	-0.1448401	0.007939241	1.556168
13.66	0.0343161	0.002975464	0.9303264	0	0.6891883	0.6832446	0.3547811	0.08427514	2.018882
13.68	0.02099193	0.002975464	0.8659966	0	0.6929254	0.6869688	0.4755868	-0.1447325	2.070714
13.7	-0.05777199	-0.06531429	0.5018716	0	0.7019529	0.7023453	0.7084513	0.02320642	2.149925
13.72	0.02664168	0.002975464	0.9666001	0	0.7092096	0.6824694	2.414092	-0.007327939	2.583112
13.74	-0.008384705	-0.06531429	0.8271255	0	0.7053562	0.627771	2.804474	0.02320642	2.148776
13.76	0.01333407	0.002975464	0.9397779	0	0.7695411	0.7183493	1.693697	0.160611	2.32561
13.78	0.1018701	0.002975464	1.419195	0	0.7159839	0.6158373	3.282732	-0.007327939	2.233165
13.8	-0.01938723	-0.06531429	0.8001876	0	0.7414787	0.6647255	1.067468	-0.007327939	1.709306
13.82	0.06787777	0.002975464	1.266781	0	0.7131081	0.6507066	2.581751	0.0384736	2.342983
13.84	0.06595943	0.002975464	1.237406	0	0.716	0.6344591	1.617952	-0.06839666	1.856307
13.86	0.04199708	0.002975464	1.09419	0	0.7249898	0.6820877	0.442021	0.0384736	1.84996
13.88	0.07689043	0.002975464	1.273489	0	0.672922	0.6217008	1.545142	-0.05312948	1.968398
13.9	0.01838291	0.002975464	0.9391065	0	0.7052255	0.6842062	-0.2544671	-0.007327939	1.750698
13.92	0.08106164	0.07126522	1.22323	0	0.7165337	0.7279862	-0.5379022	0.007939241	2.078388
13.94	0.02063837	0.002975464	0.8982216	0	0.7031394	0.721161	-1.29418	-0.007327939	1.752845
13.96	0.01550966	0.002975464	0.875959	0	0.6808433	0.7116003	-0.4850895	0.02320642	2.063495
13.98	0.007348879	0.002975464	0.833102	0	0.6836771	0.7045504	-0.1473723	0.007939241	2.092108
14	0.0186715	0.002975464	0.8960845	0	0.681211	0.6850509	0.533181	-0.02259512	2.152695
14.02	0.0294982	0.002975464	0.9537454	0	0.6806282	0.6631504	0.9862887	0.08427514	2.104802
14.04	0.008183758	0.002975464	0.8378556	0	0.7118825	0.7042162	0.2586334	-0.05312948	2.055761
14.06	0.02211468	0.002975464	0.9201257	0	0.7138306	0.7067886	0.6177998	0.02320642	2.189016
14.08	-0.002885455	0.002975464	0.7912705	0	0.7498329	0.7580136	-0.3839775	-0.05312948	2.116008
14.1	0.04441738	0.002975464	1.059032	0	0.7153608	0.7016556	0.9919226	0.0384736	2.261966
14.12	-0.03075881	-0.06531429	0.7038137	0	0.7068402	0.6781731	0.9176039	0.1300767	1.985286
14.14	-0.03334326	0.002975464	0.6910223	0	0.7836679	0.806448	-0.3653653	-0.0378623	2.375433
14.16	0.07008889	0.07126522	1.211891	0	0.8058106	0.823399	-0.5576854	0.06900839	2.429573
14.18	0.196947	0.139555	1.802919	0	0.7678642	0.7500588	-1.153762	0.02320642	1.869575
14.2	0.08092795	0.002975464	1.178971	0	0.6750376	0.6673565	-2.18781	-0.05312948	1.132629
14.22	0.01756321	0.002975464	0.8371682	0	0.6310166	0.6838514	-1.786291	-0.02259512	1.670327
14.24	-0.007961662	0.002975464	0.6994703	0	0.6231905	0.6821951	-0.8538218	-0.1752669	2.004932
14.26	0.01300824	0.002975464	0.812941	0	0.6117611	0.6318952	0.8627409	-0.8470228	2.176411
14.28	-0.0009177681	0.002975464	0.7341527	0	0.6494024	0.6490829	0.8311468	0.1758782	2.098712
14.3	-0.03773445	-0.06531429	0.5915031	0	0.6439562	0.6179622	2.224546	-0.007327939	2.221258
14.32	0.00068813	0.002975464	0.7987482	0	0.7088109	0.6751949	2.168719	-0.1141978	2.436519
14.34	0.02952948	0.002975464	0.9611262	0	0.7411035	0.6889005	1.876412	0.02320642	2.279911
14.36	0.05228071	0.002975464	1.091401	0	0.7429079	0.6809592	1.663729	-0.007327939	2.130634
14.38	0.09732406	0.07126522	1.287977	0	0.7740528	0.736873	-0.03799456	0.007939241	1.985747
14.4	0.04619293	0.002975464	1.02491	0	0.7425042	0.7307275	-0.9375482	-0.08366384	1.730493
14.42	0.02916182	0.002975464	0.944318	0	0.7121321	0.7270569	-0.7051582	-0.007327939	1.953544
14.44	0.005117012	0.002975464	0.8212982	0	0.7126944	0.7412393	-0.8889402	-0.02259512	2.018858
14.46	0.04304606	0.002975464	1.032482	0	0.6692234	0.66742	0.7695715	-0.06839666	2.148126
14.48	0.1054984	0.07126522	1.310652	0	0.6736069	0.6463557	0.5196372	0.0384736	1.930267
14.5	0.02483178	0.002975464	0.8721676	0	0.6756216	0.6709691	-0.8368798	0.0384736	1.602385
14.52	0.0335385	0.002975464	0.9256147	0	0.641995	0.6482952	0.4853714	0.007939241	2.030105
14.54	0.01512959	0.002975464	0.8250754	0	0.654644	0.6508474	0.5022014	0.007939241	1.981873
14.56	0.002478471	0.002975464	0.7610412	0	0.6814139	0.6857315	0.3795812	-0.007327939	2.103263
14.58	0.00487521	0.002975464	0.7840884	0	0.7033898	0.7068453	0.4663283	0.007939241	2.197974
14.6	0.05669585	0.002975464	1.073525	0	0.6715805	0.6307188	2.013743	0.0384736	2.202652
14.62	0.02114143	0.002975464	0.8796005	0	0.7085637	0.6721448	0.6427385	-0.06839666	1.909745
14.64	0.1085408	0.07126522	1.308042	0	0.7066435	0.6764117	0.8268819	-0.02259512	2.110912
14.66	0.04353267	0.002975464	0.962279	0	0.6942548	0.6679541	-0.3268817	0.05374078	1.634128
14.68	0.01906393	0.002975464	0.8407269	0	0.6859441	0.6959425	-0.2804785	-0.05312948	1.955556
14.7	0.03939264	0.002975464	0.9593143	0	0.6572108	0.6468822	0.9477675	0.02320642	2.0823
14.72	0.04107197	0.002975464	0.9677916	0	0.6511968	0.6172992	1.314379	-0.007327939	1.966534
14.74	0.04476422	0.002975464	0.9856619	0	0.648514	0.6043949	1.610976	-0.0378623	1.961527
14.76	0.05590743	0.002975464	1.042541	0	0.6396973	0.5807698	2.065825	0.02320642	1.946949
14.78	0.02254747	0.002975464	0.8585444	0	0.6756449	0.6364864	0.9887832	0.02320642	1.888259
14.8	0.03000778	0.002975464	0.905925	0	0.6823254	0.6547695	1.193672	0.0384736	2.086687
14.82	0.05398721	0.002975464	1.040499	0	0.6673926	0.6167756	1.866887	0.007939241	2.050899
14.84	0.1081351	0.07126522	1.280356	0	0.6896662	0.6386397	0.9775698	0.007939241	1.912237
14.86	0.02545115	0.002975464	0.8409945	0	0.6991863	0.6844128	-0.7158504	0.02320642	1.625518
14.88	0.01745057	0.002975464	0.8152525	0	0.6845266	0.7012556	-0.1545416	0.007939241	2.054395
14.9	-0.01830703	0.002975464	0.6368216	0	0.7200004	0.7545912	-0.892862	0.0384736	2.090727
14.92	0.02790748	0.002975464	0.9069948	0	0.6917437	0.6990369	0.7671046	-0.05312948	2.301848
14.94	0.02562919	0.002975464	0.9014419	0	0.6990567	0.6804844	0.6247689	-0.007327939	2.04209
14.96	0.02099472	0.002975464	0.8840212	0	0.7086763	0.6966581	0.3739378	0.02320642	2.052513
14.98	0.01485234	0.002975464	0.8599728	0	0.7200986	0.7178103	0.05281521	-0.02259512	2.075028
15	0.02268167	0.002975464	0.9123784	0	0.7169468	0.7140558	0.1833462	-0.02259512	2.10501
15.02	0.02252022	0.002975464	0.9185207	0	0.7167086	0.7123731	0.0611851	0.007939241	2.052233
15.04	0.02041306	0.002975464	0.9131124	0	0.7164451	0.7164006	-0.08778771	-0.09893101	2.042923
15.06	0.03029422	0.002975464	0.9711037	0	0.7027314	0.697331	0.1979464	-0.007327939	2.044858
15.08	0.04480085	0.002975464	1.048726	0	0.6791249	0.6571357	0.6880919	0.007939241	1.977841
15.1	0.02776589	0.002975464	0.9508607	0	0.6834557	0.6673929	0.2008419	-0.007327939	1.883594
15.12	0.02897014	0.002975464	0.9551061	0	0.6768129	0.667518	0.3539377	0.0384736	1.974406
15.14	0.001727132	0.002975464	0.8061946	0	0.7024579	0.7128098	-0.4667053	0.02320642	1.966048
15.16	0.02917274	0.002975464	0.9593986	0	0.6824533	0.6834	0.4687499	-0.02259512	2.12574
15.18	0.0004096404	0.002975464	0.8029188	0	0.7118773	0.7211021	-0.5156508	0.06900839	1.971214
15.2	0.0480338	0.002975464	1.0654	0	0.6707145	0.6569026	1.025923	0.08427514	2.137891
15.22	-0.04375368	0.002975464	0.566005	0	0.7586365	0.7955266	-2.07183	0.09954232	1.862749
15.24	0.0300326	0.002975464	0.9845798	0	0.7062351	0.7336409	0.2864502	0.06900839	2.391423
15.26	-0.04214763	-0.06531429	0.6454641	0	0.6960807	0.6894424	0.3190187	-0.1141978	1.969108
15.28	0.05196151	0.002975464	1.148675	0	0.6694251	0.632164	2.287009	-0.007327939	2.344109
15.3	0.04037145	0.002975464	1.066908	0	0.6934193	0.6367223	1.058132	0.1300767	1.835334
15.32	0.02852658	0.002975464	0.9935163	0	0.7052884	0.6814034	0.2259774	-0.08366384	1.899872
15.34	0.02802917	0.002975464	0.9865918	0	0.7009801	0.6926874	0.01565151	-0.02259512	1.959555
15.36	-0.06265553	-0.06531429	0.545822	0	0.7077555	0.7235479	-0.4757041	0.1300767	1.952965
15.38	0.01526089	0.002975464	0.9664204	0	0.7051313	0.7121494	0.9801377	-0.02259512	2.438185
15.4	0.006704565	0.002975464	0.9114181	0	0.7399391	0.7335392	-0.2253928	0.007939241	2.029894
15.42	0.04669872	0.002975464	1.125536	0	0.7075476	0.6909703	0.5287154	0.02320642	2.082655
15.44	0.03093417	0.002975464	1.028959	0	0.7066945	0.6925038	-0.2558183	0.007939241	1.840294
15.46	0.02064329	0.002975464	0.9659467	0	0.701146	0.7092581	-0.5988799	-0.05312948	1.912279
15.48	0.0142248	0.002975464	0.9254617	0	0.6955928	0.7146347	-0.700612	0.007939241	1.959564
15.5	0.09237114	0.07126522	1.289625	0	0.6860561	0.6967312	-0.5365131	0.08427514	1.991387
15.52	0.1076517	0.07126522	1.312265	0	0.6612477	0.6636215	-1.311156	-0.02259512	1.570748
15.54	0.05057345	0.002975464	0.9986709	0	0.5987331	0.6094006	-0.9418863	-0.05312948	1.469535
15.56	0.0392267	0.002975464	0.9276062	0	0.5563315	0.5626437	0.4641864	0.02320642	1.74987
15.58	-0.008538233	0.002975464	0.6570934	0	0.5933193	0.6097431	0.06057465	-0.1141978	1.823476
15.6	-0.02753712	0.002975464	0.5575615	0	0.6429289	0.6777148	0.01083255	0.1300767	2.136745
15.62	-0.0005702004	0.002975464	0.7160664	0	0.662833	0.6741836	0.9398284	-0.007327939	2.29701
15.64	0.02955913	0.002975464	0.8887872	0	0.6688985	0.63985	1.646086	-0.007327939	2.182674
15.66	0.05702978	0.002975464	1.041839	0	0.6594317	0.5969472	2.19519	0.0384736	2.028853
15.68	0.08482798	0.07126522	1.141256	0	0.7129691	0.6748083	0.2541651	-0.02259512	1.871698
15.7	0.02829385	0.002975464	0.8522349	0	0.7049437	0.6994866	-0.7199948	0.02320642	1.735984
15.72	-0.02406469	-0.06531429	0.6389479	0	0.6525961	0.6488436	0.8362035	-0.02259512	2.011228
15.74	0.009204173	0.002975464	0.8223241	0	0.6798071	0.6679599	1.277579	0.007939241	2.262467
15.76	0.0162123	0.002975464	0.8645424	0	0.7080157	0.6852573	0.8307663	-0.0378623	2.109302
15.78	0.04643771	0.002975464	1.034483	0	0.6948087	0.6567437	1.285645	-0.007327939	2.079765
15.8	0.04145581	0.002975464	1.007557	0	0.6958582	0.6562784	0.7665387	0.05374078	1.898393
15.82	0.02795751	0.002975464	0.9361628	0	0.701093	0.6825494	0.1629837	-0.02259512	1.909749
15.84	0.009546688	0.002975464	0.8415546	0	0.7142341	0.7215788	-0.5010464	-0.02259512	1.971678
15.86	0.03286137	0.002975464	0.9747952	0	0.6893412	0.6886619	0.2480709	-0.0378623	2.066817
15.88	0.0142851	0.002975464	0.8742173	0	0.6992958	0.7017486	-0.3697153	-0.007327939	1.923111
15.9	0.02561563	0.002975464	0.9385537	0	0.6849178	0.6882668	0.03962766	0.02320642	2.020906
15.92	0.03719634	0.002975464	0.9990076	0	0.6662164	0.6530686	0.4688139	0.007939241	1.950112
15.94	0.01041508	0.002975464	0.8491971	0	0.6847147	0.6864568	-0.3418468	-0.02259512	1.877339
15.96	0.01077475	0.002975464	0.853361	0	0.6868039	0.7014189	-0.2625934	-0.02259512	2.029261
15.98	0.02440195	0.002975464	0.9284154	0	0.6758719	0.6776669	0.2014637	0.02320642	2.030008
16	0.02710449	0.002975464	0.9404343	0	0.6711932	0.6629921	0.2923556	-0.05312948	1.952591
16.02	0.02062446	0.002975464	0.9024304	0	0.6752129	0.6708283	0.09788053	0.007939241	1.935824
16.04	0.03992858	0.002975464	1.00457	0	0.6545985	0.6373146	0.7704369	-0.02259512	1.972782
16.06	0.02677642	0.002975464	0.9263438	0	0.6613113	0.6435889	0.3838933	-0.05312948	1.861041
16.08	0.02406897	0.002975464	0.9086086	0	0.6631975	0.6538823	0.36024	0.02320642	1.936133
16.1	0.004274195	0.002975464	0.8008859	0	0.6858549	0.6930931	-0.2658982	0.0384736	1.954505
16.12	-0.04550331	-0.06531429	0.5890004	0	0.6675931	0.6712041	0.630742	-0.06839666	2.073351
16.14	0.00432258	0.002975464	0.8567394	0	0.6976003	0.6926411	1.082277	-0.0378623	2.333672
16.16	0.03034831	0.002975464	0.9950679	0	0.7080677	0.6779518	0.9364223	0.02320642	2.091299
16.18	0.04424014	0.002975464	1.066617	0	0.7003418	0.6644475	0.7308602	0.0384736	1.946575
16.2	0.04602488	0.002975464	1.070194	0	0.6863546	0.6545657	0.467981	0.007939241	1.851622
16.22	0.03852725	0.002975464	1.022106	0	0.6750197	0.6548082	0.1677005	-0.02259512	1.820421
16.24	0.04361255	0.002975464	1.041519	0	0.6521335	0.6327528	0.4526017	-0.007327939	1.846207
16.26	0.03267097	0.002975464	0.9712512	0	0.6464776	0.6309088	0.2895966	-0.0378623	1.806125
16.28	0.03002165	0.002975464	0.947822	0	0.6402931	0.6287903	0.4229359	0.007939241	1.865369
16.3	0.04697851	0.002975464	1.02987	0	0.6183794	0.5896907	1.178294	0.007939241	1.88424
16.32	-0.06867802	-0.06531429	0.4458405	0	0.6533985	0.6520481	0.06960642	-0.05312948	1.792694
16.34	-0.01575552	0.002975464	0.7341263	0	0.6936426	0.7137154	0.7507589	-0.0378623	2.43901
16.36	-0.01423214	0.002975464	0.7463874	0	0.745328	0.7563956	-0.2568185	0.02320642	2.195038
16.38	0.0370348	0.002975464	1.033696	0	0.7218163	0.7107158	0.6037767	0.007939241	2.204999
16.4	0.05928633	0.002975464	1.151089	0	0.6912407	0.6502898	0.8128363	0.007939241	1.901343
16.42	0.03171574	0.002975464	0.9929776	0	0.6941754	0.6743386	-0.265525	-0.007327939	1.746254
16.44	0.04462431	0.002975464	1.057852	0	0.6617785	0.6495979	0.2454759	-0.02259512	1.879546
16.46	0.07561929	0.07126522	1.163473	0	0.6881464	0.6966324	-1.114475	0.02320642	1.788989
16.48	0.01473325	0.002975464	0.8362437	0	0.6689775	0.7023274	-1.807745	0.007939241	1.633607
16.5	0.02073738	0.002975464	0.8726259	0	0.6302097	0.6657474	-0.5463486	-0.02259512	1.942937
16.52	-0.0181094	0.002975464	0.6600896	0	0.6584499	0.7017332	-1.143675	0.06900839	1.905229
16.54	0.01619415	0.002975464	0.8509279	0	0.6382445	0.6606672	0.3529965	-0.02259512	2.14406
16.56	-0.008129653	0.002975464	0.7178759	0	0.673855	0.6904134	-0.3631774	0.0384736	1.968107
16.58	0.06550928	0.07126522	1.07146	0	0.6983299	0.7206441	-0.5580599	0.0384736	2.125132
16.6	0.008842002	0.002975464	0.7765059	0	0.6959325	0.7213072	-1.495945	-0.02259512	1.745762
16.62	0.01364709	0.002975464	0.8172597	0	0.6704894	0.7045627	-0.6209879	-0.05312948	2.033462
16.64	0.09796472	0.07126522	1.226556	0	0.6542788	0.6569102	0.03723571	0.007939241	1.996341
16.66	0.02683931	0.002975464	0.8435437	0	0.6436389	0.645416	-0.9317754	0.0384736	1.54033
16.68	-0.01048769	0.002975464	0.6507651	0	0.654574	0.6988831	-1.101581	-0.007327939	1.909043
16.7	0.002727609	0.002975464	0.7350349	0	0.6485164	0.6812783	-0.06897676	-0.0378623	2.126207
16.72	-0.1123489	-0.06531429	0.1764305	0	0.7048373	0.7588706	-1.131085	0.007939241	2.067707
16.74	0.01536573	0.002975464	0.8871971	0	0.6873815	0.7002584	1.858637	-0.02259512	2.720088
16.76	0.01087076	0.002975464	0.8632939	0	0.7335636	0.7048225	0.501295	0.02320642	2.041751
16.78	0.06679185	0.002975464	1.171989	0	0.692539	0.6440368	1.527514	0.2827485	2.071038
16.8	0.2029545	0.139555	1.794659	0	0.6894004	0.6241736	0.4669603	-0.08366384	1.728899
16.82	-0.06029719	-0.06531429	0.4222932	0	0.6977549	0.7196023	-3.495527	0.06900839	0.9725894
16.84	-0.002283422	0.002975464	0.7561976	0	0.650639	0.7306145	-0.7654396	-0.1447325	2.348126
16.86	-0.04362518	0.002975464	0.5369028	0	0.7023579	0.7687931	-1.83657	-0.3126715	2.036387
16.88	0.003940813	0.002975464	0.8091221	0	0.6820699	0.7259479	-0.2415958	0.2674813	2.294885
16.9	0.04637283	0.002975464	1.039504	0	0.6478573	0.6301191	1.027432	-0.09893101	2.038243
16.92	-0.006220395	0.002975464	0.7480904	0	0.6951137	0.7003543	-0.8053485	-0.02259512	1.794644
16.94	0.05097216	0.002975464	1.0626	0	0.6446638	0.6331592	1.05714	-0.007327939	2.095496
16.96	0.02529556	0.002975464	0.9139125	0	0.6585433	0.6375083	0.1946801	0.05374078	1.765128
16.98	0.02485961	0.002975464	0.9087372	0	0.6557168	0.6492924	0.2464194	-0.007327939	1.906997
17	-0.02144535	0.002975464	0.6584182	0	0.7036499	0.7345319	-1.251697	-0.05312948	1.909418
17.02	0.0007239748	0.002975464	0.7911884	0	0.6983046	0.7356321	-0.5682126	0.08427514	2.180865
17.04	0.02227857	0.002975464	0.9138144	0	0.6834866	0.6919162	0.007476285	-0.02259512	2.059353
17.06	0.01524513	0.002975464	0.8761591	0	0.6876344	0.6928706	-0.3299857	-0.05312948	1.931993
17.08	0.001845378	0.002975464	0.8064179	0	0.6995249	0.7218622	-0.8228496	-0.007327939	1.96531
17.1	0.01016761	0.002975464	0.8569014	0	0.6928189	0.7166701	-0.5849825	-0.007327939	2.03753
17.12	0.04324733	0.002975464	1.036086	0	0.6553326	0.6479787	0.4911671	0.02320642	1.985485
17.14	-0.03359702	-0.06531429	0.6630701	0	0.6395038	0.6228026	0.5760767	-0.0378623	1.787053
17.16	0.02580012	0.002975464	0.9728835	0	0.6454037	0.6251864	1.564683	0.007939241	2.190976
17.18	0.02535266	0.002975464	0.9558988	0	0.6706508	0.6374066	0.7743233	0.05374078	1.891448
17.2	0.04635097	0.002975464	1.060895	0	0.657208	0.6220498	0.9969186	-0.05312948	1.904227
17.22	0.07423945	0.002975464	1.197926	0	0.6178175	0.5572363	1.718294	-0.06839666	1.779615
17.24	0.02876803	0.002975464	0.9327459	0	0.6411324	0.6067204	0.25345	-0.06839666	1.606758
17.26	0.05715244	0.002975464	1.077577	0	0.6047269	0.5707067	1.371161	0.02320642	1.860678
17.28	0.03306318	0.002975464	0.9314852	0	0.6160709	0.5826845	0.762612	-0.02259512	1.698165
17.3	0.02498128	0.002975464	0.8797672	0	0.6238603	0.606429	0.6783955	-0.007327939	1.840634
17.32	-0.001858139	0.002975464	0.7319925	0	0.6587371	0.6642425	-0.1255237	-0.05312948	1.898115
17.34	0.04539564	0.002975464	0.9919394	0	0.6269769	0.6063278	1.415957	0.05374078	2.066688
17.36	0.01614781	0.002975464	0.8281838	0	0.6570584	0.6351516	0.3658512	-0.007327939	1.804149
17.38	0.03517392	0.002975464	0.934118	0	0.6458888	0.6258668	0.9348084	0.007939241	1.974987
17.4	0.01035886	0.002975464	0.7998881	0	0.6726299	0.6639796	0.03217688	0.05374078	1.867736
17.42	0.03923884	0.002975464	0.9620199	0	0.650546	0.6332337	0.9139214	0.007939241	2.010272
17.44	0.0449024	0.002975464	0.9899364	0	0.639815	0.6034565	1.041288	-0.007327939	1.84218
17.46	0.03400646	0.002975464	0.9267429	0	0.6432236	0.613943	0.6935325	0.02320642	1.802401
17.48	0.02374046	0.002975464	0.8701071	0	0.6507433	0.6356643	0.3992462	-0.007327939	1.85981
17.5	0.01152896	0.002975464	0.8064567	0	0.6655955	0.6653857	0.01386365	0.02320642	1.917756
17.52	-0.002791589	0.002975464	0.7361156	0	0.6883228	0.706398	-0.5047343	0.05374078	1.989661
17.54	0.01932691	0.002975464	0.8662168	0	0.6772115	0.6858344	0.1156685	0.007939241	2.074847
17.56	0.03867962	0.002975464	0.9739439	0	0.6576822	0.6404511	0.6343036	-0.05312948	1.946495
17.58	0.04117691	0.002975464	0.9840178	0	0.6456915	0.6182042	0.6764801	-0.007327939	1.826661
17.6	0.09640217	0.07126522	1.225467	0	0.6571883	0.6385061	-0.01496601	-0.05312948	1.80182
17.62	0.03707594	0.002975464	0.9051512	0	0.634675	0.6289486	-0.7643627	0.0384736	1.5075
17.64	-0.008546637	0.002975464	0.6635531	0	0.6468921	0.6874765	-1.27153	0.007939241	1.802632
17.66	0.04005191	0.07126522	0.8865235	0	0.6794532	0.7401552	-1.633742	-0.0378623	2.06108
17.68	0.009578226	0.002975464	0.739765	0	0.6540177	0.6966973	-1.319436	0.09954232	1.82802
17.7	-0.01664569	0.002975464	0.6129442	0	0.6637876	0.7188809	-1.314166	-0.007327939	1.975554
17.72	0.02115832	0.002975464	0.8321851	0	0.6336354	0.654595	0.385475	-0.06839666	2.128528
17.74	0.02139024	0.002975464	0.8359832	0	0.6371243	0.6283214	0.5518073	0.05374078	1.921302
17.76	0.006252208	0.002975464	0.75788	0	0.6602663	0.6607701	0.07969183	-0.02259512	1.926551
17.78	0.02746494	0.002975464	0.8805059	0	0.6514103	0.6421384	0.715219	0.05374078	2.020596
17.8	-0.05708807	-0.06531429	0.4795303	0	0.6639826	0.6593895	0.3628204	0.05374078	1.902001
17.82	0.004445461	0.002975464	0.8186403	0	0.6876215	0.6858614	1.142725	0.06900839	2.357221
17.84	0.05289851	0.002975464	1.081104	0	0.6742201	0.6235473	1.677183	-0.007327939	2.04493
17.86	0.009900705	0.002975464	0.8440169	0	0.7172034	0.6968933	-0.4386808	0.06900839	1.763983
17.88	0.03055038	0.002975464	0.96345	0	0.6960502	0.6960901	-0.1146975	-0.02259512	1.992625
17.9	0.03177027	0.002975464	0.9701779	0	0.6800022	0.6749604	-0.2358049	0.0384736	1.853909
17.92	0.05332041	0.002975464	1.082176	0	0.6383536	0.617983	0.5126643	0.02320642	1.824519
17.94	0.03048176	0.002975464	0.9459113	0	0.63589	0.6218132	-0.06081939	0.007939241	1.681111
17.96	0.02688908	0.002975464	0.9179155	0	0.6257989	0.6234386	0.08083738	-0.05312948	1.800685
