0	1.380856	1.300479	6.461591	19.50718	0.07927562	-0.01438341	-3.1705	-0.07076417	0
0.02	1.472685	1.300479	5.980513	13.65503	-0.04057442	-0.01117046	-23.41063	0.005571727	1
0.04	1.181609	1.23219	3.620449	8.534188	-0.3564609	0.2580034	-31.21227	-2.009695	2
0.06	-0.3652053	0.002975464	-4.468821	-12.46429	-0.6572071	0.3571727	-26.50048	-17.29214	3
0.08	-0.1253189	0.002975464	-2.853413	-8.725002	-1.09847	-0.5437835	12.85904	-18.57458	4
0.1	-0.265871	0.002975464	-3.449275	-6.107502	-0.5972695	-0.6813188	13.74491	-14.87992	5
0.12	0.3133994	0.002975464	-0.1031449	-4.275251	-0.6960078	-1.291409	30.32709	-1.17	6
0.14	0.8605708	0.4127131	2.63105	3.153389	-0.5605057	-1.542567	25.54159	14.38725	7
0.16	0.6781766	0.4127131	1.437358	2.207372	-0.3355514	-1.013778	7.944683	8.631526	8
0.18	0.5061457	0.3444233	0.4555073	0.5208142	-0.3621358	-0.6244931	3.572016	10.8758	9
0.2	-0.7661312	-0.6799221	-5.651151	-15.00061	-0.3393305	-0.3070787	2.725843	-3.44481	10
0.22	0.6252075	0.6175833	1.654325	8.962153	-0.238227	-0.4215544	20.42046	-7.719618	11
0.24	-0.1084094	-0.3384733	-1.900119	-8.067343	-0.1643569	-0.7163057	9.361158	-3.06313	12
0.26	0.2034232	-0.3384733	0.2033954	-5.64714	-0.6298718	-1.293681	29.32877	2.127709	13
0.28	0.151309	0.002975464	-0.089993	1.168734	-0.2239286	-0.926101	15.51175	10.60099	14
0.3	0.6546568	0.002975464	2.67514	0.8181137	-0.6351246	-1.484717	27.00068	-2.070764	15
0.32	0.08174082	0.002975464	-0.4833964	0.5726796	-0.2052963	-0.7527788	4.453033	2.585725	16
0.34	0.4129115	0.002975464	1.379778	0.4008757	-0.5773708	-1.013097	18.16412	0.6773276	17
0.36	0.4169598	0.3444233	1.113626	5.40233	-0.2711284	-0.6702957	5.030348	-4.513512	18
0.38	-0.8121746	-1.08966	-4.624824	-17.72961	-0.6368394	-0.9180771	13.97533	-4.696718	19
0.4	-1.242219	-1.08966	-6.104709	-12.41073	-0.3281138	-0.5520155	24.2533	-2.223435	20
0.42	-0.9720513	-1.08966	-3.846527	-8.68751	-0.0813062	-0.7685009	37.01638	-1.857023	21
0.44	-0.5113955	-1.02137	-0.744468	-5.056911	0.02177888	-1.204695	41.93783	3.501755	22
0.46	-0.5073383	-0.9530802	-0.2866061	-2.515491	0.3090562	-0.9029031	28.77344	17.83763	23
0.48	-0.8689823	-0.9530802	-1.797817	-1.760844	0.7311631	0.09036404	9.979566	15.28802	24
0.5	-1.042947	-1.02137	-2.186155	-2.256937	0.8958812	0.6875112	4.470268	7.379617	25
0.52	-0.6456126	-1.02137	0.4507537	-1.579856	0.5370682	0.09902072	16.59312	0.4635871	26
0.54	0.7814888	0.3444233	7.410937	19.381	0.534884	-0.1727973	9.241253	-0.5898479	27
0.56	1.632839	1.300479	10.50168	27.90754	0.5878666	0.2394409	-23.47303	1.883435	28
0.58	0.2580203	0.002975464	2.723128	0.07272148	-0.1376341	0.3282294	-36.83115	-0.9562601	29
0.6	-0.2583076	0.002975464	-0.3230945	0.05090504	-0.5673046	0.4366907	-22.72352	-11.50588	30
0.62	0.119422	0.002975464	1.452115	0.03563353	-1.120621	-0.773585	7.00414	-28.40664	31
0.64	0.1895124	0.002975464	1.454555	0.02494347	-1.16469	-1.433091	13.90468	-9.826488	32
0.66	0.139889	0.002975464	0.8576792	0.01746043	-1.026278	-1.390007	13.80451	1.379617	33
0.68	0.08271389	0.07126522	0.2608266	1.036569	-0.7527974	-1.022731	9.862136	1.333816	34
0.7	0.1604159	0.002975464	0.5426226	-0.2987483	-0.7293638	-1.05131	13.65313	-0.7119853	35
0.72	0.08912837	0.002975464	0.04211906	-0.2091238	-0.5573124	-0.8896174	10.68955	-0.3761073	36
0.74	0.08752754	0.002975464	-0.02169064	-0.1463867	-0.4444907	-0.7259812	10.08707	0.2803814	37
0.76	0.4860174	0.2761335	1.891107	3.9949	-0.4448249	-0.8250504	12.03636	0.06664087	38
0.78	-0.9331225	-1.02137	-5.021837	-16.66612	-0.4503544	-0.7017099	7.630362	-0.1012981	39
0.8	-0.9881626	-1.02137	-4.530557	-11.66629	-0.4526657	-0.7143776	28.60348	0.09717523	40
0.82	-0.9703999	-1.08966	-3.720713	-9.190746	-0.1191514	-0.8633243	33.73641	-1.17	41
0.84	-0.9792925	-1.02137	-3.154443	-5.409176	0.4238473	-0.3465204	25.62377	11.41015	42
0.86	-0.8241462	-0.9530802	-1.751093	-2.762077	0.7332257	0.06081633	19.5027	14.23458	43
0.88	-0.7644673	-1.08966	-0.8181984	-3.982146	0.7021997	0.01864576	17.83927	12.46359	44
0.9	-0.8039387	-1.08966	-0.5298616	-2.787502	0.6927944	0.09199641	13.42681	9.242212	45
0.92	-0.7772487	-1.02137	-0.01242721	-0.9269053	0.659791	0.1843269	10.13326	1.349084	46
0.94	-0.8864654	-1.02137	-0.2925054	-0.6488337	0.6860563	0.376263	4.515098	-0.2997719	47
0.96	0.626012	0.3444233	7.103283	20.03272	0.6241633	0.2697693	3.043037	0.249847	48
0.98	0.4103139	0.002975464	5.364796	8.901184	0.3204624	0.05231566	-15.95457	-0.3150386	49
1	0.2767861	0.139555	4.038249	8.279522	-0.06530696	0.2345455	-19.90808	-1.17	50
1.02	-0.2038893	0.07126522	0.9492911	4.771319	-0.1070172	0.5908377	-25.76503	-18.11656	51
1.04	0.1734769	0.07126522	2.597399	3.339923	-0.6767351	-0.2362174	-3.196584	-13.75015	52
1.06	0.00316155	0.139555	1.158867	3.362293	-0.5425099	-0.3215403	-7.594093	-14.31504	53
1.08	0.01233196	0.002975464	0.9144249	0.3049121	-0.6795573	-0.5161994	0.6686954	3.95977	54
1.1	0.2021273	0.07126522	1.606144	1.237785	-0.7796986	-0.8877366	8.025633	-2.513512	55
1.12	-0.3399457	0.002975464	-1.562456	-0.1578969	-0.241363	-0.08643985	-7.715722	0.6773276	56
1.14	0.1380292	0.002975464	0.9549912	-0.1105279	-0.530774	-0.5216055	10.99518	0.9063353	57
1.16	0.4374035	0.3444233	2.150856	5.044348	-0.3640011	-0.6495058	5.561376	-1.002061	58
1.18	-1.041867	-1.08966	-5.095663	-17.9802	-0.4524608	-0.5360169	3.83145	1.303282	59
1.2	-1.013944	-1.02137	-4.226247	-11.56179	-0.4907664	-0.6585782	27.40857	4.98267	60
1.22	-1.06335	-1.02137	-3.898351	-8.093256	0.01072065	-0.5726117	27.19283	-1.734886	61
1.24	-0.6668189	-0.9530802	-1.225149	-4.640933	0.1770579	-0.6714154	31.73796	1.791831	62
1.26	-0.7447124	-1.08966	-1.110415	-5.297345	0.3607638	-0.5719026	24.3763	16.7384	63
1.28	0.7095759	0.4127131	6.094647	18.82745	0.6527286	-0.1236243	12.53152	9.303282	64
1.3	0.5737616	0.2761335	4.817856	11.13052	0.6592108	0.2716886	-16.2575	10.08191	65
1.32	0.873907	0.2761335	5.98253	7.791365	-0.2429116	-0.3278028	-6.770533	-0.4829776	66
1.34	-0.008636534	0.3444233	0.6256423	6.478302	0.06241265	0.6011717	-32.305	-3.97916	67
1.36	-0.907927	-0.9530802	-3.602576	-14.92774	-0.739103	-0.1005309	-2.302643	-19.68908	68
1.38	-0.1979166	0.3444233	-0.2547109	9.013134	-0.1200129	0.2904645	-0.3769417	-13.03259	69
1.4	-0.2984844	-0.6799221	-0.4344294	-9.055988	-0.6045067	-0.9078282	17.96677	-10.48298	70
1.42	-0.2473299	-0.2018938	-0.277503	0.831233	-0.1933594	-0.5241932	10.07468	7.394885	71
1.44	-0.122857	-0.3384733	0.4589086	-1.46683	-0.2412454	-0.6244327	13.4412	10.79946	72
1.46	0.2253585	0.07126522	2.061336	5.119298	-0.1034822	-0.4966164	8.078575	4.158244	73
1.48	-0.1326991	-0.3384733	0.1923742	-2.56257	-0.1906436	-0.4771193	3.916036	3.501755	74
1.5	-0.2603721	-0.3384733	-0.4131635	-1.793799	-0.2183666	-0.3540597	6.153199	-1.307405	75
1.52	-0.4498084	-0.2701836	-1.394607	-0.231313	0.08767162	0.1070517	-0.1025515	-1.231069	76
1.54	-0.1448624	-0.3384733	0.3989567	-1.186265	-0.1383244	-0.3224413	11.93841	-0.3761073	77
1.56	-0.0783321	-0.2701836	0.7513303	0.1939605	-0.1131968	-0.5019943	9.803692	-0.345573	78
1.58	-0.1697761	-0.2701836	0.2544375	0.1357724	-0.03335515	-0.296326	4.921486	2.433053	79
1.6	-0.3938109	-0.4067631	-0.8232232	-1.953652	0.02642789	-0.07361946	2.656935	1.440686	80
1.62	-0.2469797	-0.4067631	0.1087565	-1.367556	-0.1115609	-0.310728	10.27338	0.08190762	81
1.64	-0.1935306	-0.3384733	0.419495	0.06705683	-0.07123379	-0.3933121	8.988503	-0.223436	82
1.66	-0.2992169	-0.4067631	-0.07657975	-0.9774066	-0.02522947	-0.2828881	6.363571	0.8605338	83
1.68	-0.3343462	-0.4067631	-0.1810005	-0.6841846	0.008840971	-0.1775844	5.96516	-0.437176	84
1.7	-0.3604757	-0.4067631	-0.2385626	-0.4789292	0.0652645	-0.09396473	5.035615	-0.1012981	85
1.72	-0.2007974	-0.3384733	0.6505531	0.6890959	0.01564045	-0.2037678	7.273721	0.249847	86
1.74	-0.2499953	-0.4067631	0.4309115	-0.5419792	-0.0196732	-0.2802078	6.087109	-0.2387027	87
1.76	-0.2983735	-0.4067631	0.2095078	-0.3793854	-0.02516419	-0.2264752	5.367654	-0.07076417	88
1.78	-0.2858825	-0.4067631	0.3139465	-0.2655698	-0.05706979	-0.2590378	6.476426	0.02083933	89
1.8	-0.1784798	-0.2701836	0.8149046	1.862794	-0.01737816	-0.2181399	5.036141	-0.009695026	90
1.82	-0.2377576	-0.3384733	0.4759353	0.2796093	-0.02779319	-0.1952734	3.298965	-0.1165653	91
1.84	-0.231968	-0.3384733	0.4955842	0.1957265	-0.07891195	-0.2233097	4.456169	0.02083933	92
1.86	-0.3167321	-0.4067631	0.07039726	-0.8873378	-0.09819129	-0.2501976	4.854671	0.09717523	93
1.88	-0.6025119	-0.6799221	-1.231153	-4.718522	-0.1290767	-0.2817327	7.370627	0.1429768	94
1.9	1.330893	1.300479	7.931728	26.40305	0.2016151	-0.03090501	2.015796	0.2193122	95
1.92	-0.2121564	-0.6799221	-0.1375136	-11.22388	-0.3465888	-0.6018459	-9.762103	-0.07076417	96
1.94	0.9966066	0.6175833	5.690845	11.60587	-0.8465495	-0.9853928	12.36179	1.791831	97
1.96	0.3583935	0.3444233	1.655014	4.026706	-0.5750628	-0.7259085	-9.728819	-13.84175	98
1.98	0.7943541	0.8907404	3.22902	11.01345	-0.5626102	-0.2715802	-8.709518	-1.429542	99
2	2.612203	1.573638	11.76156	17.95288	-1.684611	-2.335033	21.00724	-6.925725	100
2.02	2.963963	2.188245	11.70985	21.78612	-1.899537	-2.759537	-3.304119	-14.52878	101
2.04	3.865124	4.100356	13.45942	43.93195	-1.316173	-0.8839766	-47.79076	1.74603	102
2.06	4.294961	4.851542	12.62776	42.02016	-1.258562	0.3622584	-81.51196	-12.2845	103
2.08	4.122156	4.441804	9.313669	23.26804	-2.254939	-0.1527775	-75.34365	-27.41427	104
2.1	3.582985	3.895488	4.64548	8.092882	-3.254475	-1.328891	-50.44825	-38.83413	105
2.12	5.030442	5.739308	9.470675	33.32233	-3.126759	-1.496941	-42.09749	-31.20053	106
2.14	5.870801	6.763654	10.59552	38.69081	-2.584388	-0.8799955	-69.38563	-0.9409928	107
2.16	6.065479	6.422206	9.028282	21.96185	-3.290529	-1.442235	-63.9511	4.845266	108
2.18	5.827835	6.422206	5.402947	15.37329	-3.690998	-1.776119	-58.75492	-1.597481	109
2.2	7.596187	8.129447	11.63251	36.36992	-3.883406	-2.223654	-47.35634	-7.154733	110
2.22	7.030061	7.51484	6.023896	16.23984	-4.069615	-2.525291	-60.4665	-10.2387	111
2.24	8.125294	8.470897	9.089157	25.70874	-4.594312	-3.027954	-41.57761	-10.20817	112
2.26	8.326699	8.744054	7.359798	22.09348	-4.702922	-3.386866	-47.35008	-10.43718	113
2.28	2.964596	3.758908	-20.18283	-59.31175	-5.219697	-3.396556	-31.71738	-13.67382	114
2.3	4.175254	5.124701	-12.99922	-21.03133	-4.992081	-3.949443	58.2925	-17.97916	115
2.32	9.760979	9.70011	14.07416	53.90921	-3.46728	-5.013913	60.0653	-20.1471	116
2.34	11.06625	9.973269	17.94591	41.83383	-3.111332	-4.990625	-13.6767	-19.04786	117
2.36	11.95067	10.38301	19.64474	35.42973	-4.77139	-5.487038	-28.90663	-9.87229	118
2.38	12.14578	11.0659	17.20227	35.04427	-6.200794	-6.174571	-40.12878	3.379617	119
2.4	9.116554	9.222083	-0.9176327	-3.12632	-6.892539	-5.656219	-51.03511	-0.5593135	120
2.42	8.419809	9.290372	-5.966256	-1.164092	-6.974917	-5.250428	-10.54571	-19.85702	121
2.44	8.522015	9.358663	-6.48555	0.2094964	-6.295051	-5.508163	14.94542	-44.22343	122
2.46	10.53497	10.17814	2.91709	12.43878	-6.308215	-7.045296	50.44419	-44.55931	123
2.48	10.10989	9.085504	-0.0396018	-7.68237	-6.522556	-8.303289	51.90112	-22.11656	124
2.5	10.4193	9.563531	0.7273135	1.792752	-6.475001	-8.212707	56.47061	5.913969	125
2.52	10.06773	9.358663	-1.789771	-1.818099	-6.227367	-7.911299	50.08203	9.349082	126
2.54	9.242835	8.744054	-6.195374	-10.4918	-5.969069	-7.387019	50.70529	13.82237	127
2.56	9.992518	9.290372	-2.391601	0.8505106	-5.836966	-7.537734	67.51466	15.68496	128
2.58	7.711853	7.583131	-13.63691	-25.01326	-4.983444	-6.430375	44.50872	15.41015	129
2.6	8.686717	8.197738	-7.543502	-8.290178	-4.850259	-6.382772	79.57411	22.81473	130
2.62	8.244305	8.197738	-9.294497	-5.803125	-3.533332	-5.278569	48.62464	18.67733	131
2.64	8.065333	7.309972	-8.782446	-17.37868	-3.69178	-5.426214	63.92769	11.97504	132
2.66	7.320937	6.422206	-10.90567	-25.48156	-3.777591	-5.913907	75.29626	26.35671	133
2.68	6.30134	5.19299	-13.83123	-36.27533	-3.968803	-6.531693	98.00906	21.02847	134
2.7	5.958469	5.056413	-13.32822	-27.44139	-3.434386	-6.347156	107.5479	26.24985	135
2.72	5.805463	5.32957	-12.22176	-15.11162	-2.161739	-4.915956	86.64485	21.36435	136
2.74	5.697164	4.851542	-10.57642	-17.74854	-1.722253	-4.340203	81.23308	27.57809	137
2.76	5.298047	4.851542	-10.74128	-12.42398	-0.912752	-3.066104	57.04115	20.34145	138
2.78	4.905087	3.895488	-10.29502	-23.03761	-1.266952	-3.395068	68.74048	24.00557	139
2.8	4.828787	4.168647	-8.768046	-12.02894	-0.9170147	-2.995436	59.97891	15.79183	140
2.82	4.356495	3.21259	-8.91465	-22.76111	-1.341639	-3.602809	70.50731	15.60862	141
2.84	2.532863	2.324824	-16.04906	-29.24926	-0.6056652	-2.294402	49.79129	11.86817	142
2.86	1.844565	1.300479	-16.38329	-35.83966	-0.6968507	-2.385206	79.19027	9.165877	143
2.88	2.74888	1.641927	-8.897194	-19.96605	-0.6811663	-3.451597	103.8026	2.34145	144
2.9	1.037237	0.5492926	-15.18805	-30.36575	0.3987792	-2.184433	66.69011	18.37198	145
2.92	1.531076	0.6175833	-9.720746	-20.23166	0.3704934	-1.965012	85.08813	23.68496	146
2.94	0.2751601	0.002975464	-13.71081	-23.38128	1.375947	-0.6814654	51.3332	6.631526	147
2.96	0.6317865	0.002975464	-9.127962	-16.3669	1.397124	-0.3734704	61.2228	19.86817	148
2.98	-1.518541	-1.362819	-17.46307	-31.94374	2.338609	1.133198	27.10767	6.158244	149
3	-0.6416359	-1.362819	-9.606863	-22.36062	1.749808	0.3158926	69.8492	17.95977	150
3.02	-1.289435	-1.294529	-10.71277	-14.62809	2.851575	1.304402	32.17137	8.570457	151
3.04	-2.04039	-2.728612	-11.42054	-31.75091	2.341427	0.9787011	48.06602	27.8987	152
3.06	-2.483705	-2.728612	-10.99978	-22.22563	2.70622	1.366274	43.63626	7.104808	153
3.08	-2.540777	-2.796902	-8.776055	-16.58229	3.027184	1.765738	38.66359	18.55519	154
3.1	-2.63955	-3.070061	-6.919118	-15.70499	3.081501	1.81615	34.31644	8.44832	155
3.12	-4.49893	-4.435854	-13.86612	-31.48039	3.458016	2.746392	16.48639	18.05137	156
3.14	-4.024733	-4.777303	-8.217436	-27.158	2.64508	1.466244	62.43715	4.845266	157
3.16	-4.124868	-4.094406	-6.857204	-8.767153	3.74101	2.382577	30.02685	1.95977	158
3.18	-4.114654	-4.435854	-4.742002	-11.25872	3.809179	2.83463	22.38601	18.12771	159
3.2	-5.202642	-4.777303	-8.575756	-13.00284	4.527783	4.368126	-10.16536	0.8605338	160
3.22	-5.474491	-5.39191	-7.62185	-18.32109	4.204753	4.33816	4.553468	6.417786	161
3.24	-5.628342	-6.074806	-5.964817	-23.06821	3.575483	2.999725	28.09853	-0.1165653	162
3.26	-5.323956	-5.460199	-2.792272	-6.928646	3.884155	3.106587	19.77142	16.61626	163
3.28	-5.236145	-6.143096	-0.53263	-15.0935	3.140157	1.962517	33.59019	6.677328	164
3.3	-5.912	-5.869938	-2.995622	-6.468081	3.76498	3.132378	2.766018	8.204044	165
3.32	-4.948792	-5.460199	3.05484	1.618423	3.263658	2.724747	16.46897	-4.940993	166
3.34	-6.587366	-6.484545	-4.471885	-14.23229	3.573599	3.412097	-12.64572	-10.08603	167
3.36	-5.930155	-6.143096	0.1496991	-4.840869	3.052211	3.044929	14.0367	1.700228	168
3.38	-6.155392	-6.211386	-0.2814766	-4.412954	3.240138	2.921237	3.220388	-3.719619	169
3.4	-6.195492	-6.143096	0.1761075	-2.064722	3.356389	3.330545	-2.927984	-10.72725	170
3.42	-7.039134	-6.074806	-3.787958	-0.4209588	4.353703	5.213138	-37.60249	9.455954	171
3.44	-5.92749	-6.074806	2.937538	-0.2946711	3.484692	4.031598	-2.652253	-6.162367	172
3.46	-6.592531	-6.143096	-0.2558811	-1.230616	3.950509	4.429846	-30.51085	1.593358	173
3.48	-5.645026	-6.484545	5.546923	-5.983163	2.446013	2.352892	15.83508	4.051373	174
3.5	-6.505412	-6.484545	1.124593	-4.188214	2.797457	2.607554	-9.723984	9.486487	175
3.52	-5.882129	-6.484545	4.807208	-2.93175	1.982182	1.694857	18.40296	-4.864657	176
3.54	-6.58443	-5.460199	0.3682861	13.31296	3.715975	4.352163	-43.76613	-1.734886	177
3.56	-5.873787	-5.801648	4.282418	4.197338	3.025854	3.950954	-19.81967	-18.04023	178
3.58	-6.708941	-6.143096	-0.08940649	-2.183581	3.295546	4.238298	-37.14632	-5.337939	179
3.6	-5.960064	-6.484545	4.41455	-6.650239	2.015436	2.316878	10.25293	-11.70435	180
3.62	-6.336573	-5.460199	1.731596	10.71001	3.321253	3.906572	-35.80381	8.93687	181
3.64	-4.922889	-5.801648	9.279921	2.375278	1.765839	1.770155	12.85203	-1.353206	182
3.66	-6.349526	-6.143096	1.363721	-3.459023	2.288876	2.382522	-23.79688	2.310915	183
3.68	-4.485918	-5.18704	10.73072	11.91952	1.236615	1.129133	17.79337	-2.84939	184
3.7	-6.086907	-5.460199	1.371146	4.246278	2.372829	2.735496	-39.81146	-8.223434	185
3.72	-3.908666	-4.709013	12.28278	14.24019	0.9212071	1.047316	15.30699	-13.17	186
3.74	-6.068988	-5.050462	-0.2602072	4.846401	2.440952	3.207817	-57.43671	-2.84939	187
3.76	-4.091246	-4.435854	9.676842	12.6116	1.124215	1.948751	0.5169487	-16.63565	188
3.78	-5.995717	-4.777303	-1.359589	3.706387	2.565083	3.740964	-61.20155	6.204045	189
3.8	-4.167197	-4.094406	7.79279	12.83792	1.632308	2.8548	-13.3223	-19.99443	190
3.82	-6.313532	-4.435854	-4.426615	3.864827	3.517808	5.477781	-86.08319	11.91397	191
3.84	-4.572113	-3.752957	4.477479	12.94883	2.907835	5.182916	-43.46155	-19.3532	192
3.86	-6.713593	-4.094406	-7.456883	3.942449	5.011524	8.11928	-119.3494	15.21168	193
3.88	-4.742061	-4.435854	3.658839	-2.362004	3.083587	5.553767	-33.61412	-11.41427	194
3.9	-4.349676	-3.411509	4.830144	13.71178	3.66808	5.152277	-63.26745	19.39488	195
3.92	-1.020365	-2.318874	21.12727	25.98776	1.369339	1.594959	-7.945923	5.807098	196
3.94	-3.315339	-3.001771	7.115864	7.947981	1.749349	2.560335	-81.91982	12.38725	197
3.96	-3.115619	-3.34322	7.395919	0.441855	0.01571609	1.5839	-31.02424	-2.086031	198
3.98	-3.882468	-2.660322	1.784817	10.55276	0.9261414	2.674433	-57.7683	-11.91809	199
4	-1.650815	-1.704267	12.06684	21.72777	0.02919836	1.124702	-13.97616	-18.74252	200
4.02	-3.181564	-2.455454	2.510397	3.941627	0.687227	1.786461	-55.37653	-17.84175	201
4.04	-1.03923	-1.704267	12.64556	14.02695	-0.8930697	-0.3264903	6.718257	1.410152	202
4.06	-2.635499	-2.045715	2.607127	4.697132	0.0190143	0.6049893	-42.00027	-11.87229	203
4.08	-1.920015	-2.728612	6.078751	-6.955458	-1.64609	-1.43206	24.64068	-10.55931	204
4.1	-2.383472	-1.704267	2.145051	10.49636	-0.2649004	-0.09748524	-13.77477	-7.246336	205
4.12	-0.5530759	-0.9530802	10.51876	18.61525	-0.7420671	-0.7926223	11.93131	-24.81885	206
4.14	-1.980588	-1.362819	1.616576	6.884596	0.2837012	0.7492615	-39.80763	0.7689312	207
4.16	-1.326034	-1.772556	4.762061	-1.326847	-0.9312286	-0.4831905	8.873833	-7.475344	208
4.18	-2.711228	-2.045715	-3.084451	-5.026178	-0.02758408	0.4413224	-17.51268	-7.521145	209
4.2	0.3798041	-1.157949	12.83072	9.798164	-1.899444	-2.909007	65.56392	-1.078397	210
4.22	-1.301974	-1.294529	2.579363	4.810022	-0.517602	-1.575008	-6.931784	0.7231292	211
4.24	0.4536387	-0.4067631	10.81132	16.6835	-1.41171	-1.962987	26.7808	13.8071	212
4.26	-2.367329	-1.704267	-4.764669	-7.784101	-0.2057292	0.03322399	-31.8861	-5.490611	213
4.28	0.08790076	-0.6799221	7.894791	9.916298	-1.556373	-1.670049	42.35946	-12.45244	214
4.3	0.3554416	0.2761335	7.611022	21.28224	-0.6007156	-1.386571	-1.970524	-15.0784	215
4.32	0.5088266	-1.02137	8.054567	-4.564982	-2.296946	-3.37282	36.391	4.55519	216
4.34	-1.043795	-1.02137	-0.9144821	-3.195488	-1.566787	-2.110577	6.266816	-10.65092	217
4.36	0.7027727	0.07126522	7.472915	14.15269	-1.997961	-2.68577	41.25797	-29.18527	218
4.38	-0.0547204	0.002975464	2.31964	8.882534	-1.039255	-1.677966	0.1015534	-12.25397	219
4.4	-0.4118382	-1.02137	0.5147531	-9.147408	-1.765787	-2.215233	27.95601	5.929236	220
4.42	-0.7641679	-1.08966	-1.319095	-7.427532	-1.63188	-2.438591	36.87294	-11.93336	221
4.44	-0.685913	-0.6799221	-1.067061	0.9467921	-0.9056093	-1.661739	30.24671	9.776564	222
4.46	-0.4138803	-0.6799221	0.3773347	0.6627545	-0.6088663	-1.452471	30.06258	1.623893	223
4.48	-1.389481	-1.704267	-4.10605	-14.90124	-0.5023156	-1.331863	28.39087	11.88343	224
4.5	-0.7098613	-1.362819	0.07193136	-5.30915	-0.7213562	-1.899887	52.12478	6.539922	225
4.52	-1.021212	-1.362819	-1.284211	-3.716405	-0.1277518	-1.439082	33.71949	7.791831	226
4.54	0.04000872	-0.9530802	4.521209	3.544595	-0.539926	-2.061373	49.29886	6.295648	227
4.56	-1.731074	-1.977426	-4.356222	-12.88397	0.02139106	-1.052222	15.91758	9.654426	228
4.58	-0.9114087	-1.704267	0.7131131	-4.921391	-0.6028775	-1.652225	51.94158	2.23458	229
4.6	-1.767398	-1.772556	-3.487006	-4.469319	0.336028	-0.6774069	20.98027	-0.6051151	230
4.62	-0.7345702	-1.431108	2.424316	1.993194	-0.0253188	-1.08795	42.26383	-2.315038	231
4.64	-2.134533	-2.387164	-4.28763	-12.9456	0.3899435	-0.59055	18.85588	7.883434	232
4.66	0.0779779	-0.9530802	7.471411	12.44934	-0.2830582	-1.611674	53.25006	5.883434	233
4.68	-1.961156	-2.045715	-3.189822	-7.674989	0.5811149	-0.3860458	-0.9590214	5.333817	234
4.7	-0.7279593	-1.772556	3.896464	-1.275106	-0.6056287	-1.510391	48.43463	2.402519	235
4.72	-1.861252	-1.772556	-2.170996	-0.8925745	0.4091103	-0.3996331	6.62438	4.936869	236
4.74	-1.035475	-1.772556	2.610245	-0.6248021	-0.2861894	-1.06838	37.68848	-13.97916	237
4.76	-3.167542	-2.728612	-8.066543	-14.7782	0.779869	0.4688481	-1.476377	11.86817	238
4.78	-2.253851	-2.728612	-2.037344	-10.34474	0.1224244	-0.3851375	48.16125	-11.58221	239
4.8	-3.036731	-2.387164	-5.773715	-2.119599	1.723184	1.268079	3.429586	13.53229	240
4.82	-1.010795	-2.387164	5.864988	-1.483719	0.270709	-1.049663	60.54059	-2.559313	241
4.84	-1.446157	-2.045715	3.374044	4.083128	0.8312113	-0.7584652	17.73111	21.37962	242
4.86	-0.2163379	-2.045715	9.9868	2.85819	-0.7847	-2.589386	54.65925	10.49412	243
4.88	-3.030019	-3.070061	-4.803212	-13.36445	0.1165923	-0.7849169	-0.7530445	14.34145	244
4.9	-3.209474	-3.070061	-4.935003	-9.355114	0.1430332	0.1949062	25.00287	-28.22343	245
4.92	-2.996961	-3.070061	-3.072302	-6.54858	0.4761574	-0.1693924	36.70703	-14.00969	246
4.94	-2.602134	-3.070061	-0.3210795	-4.584006	0.6318768	-0.5401618	42.30401	-17.97916	247
4.96	-3.392304	-3.001771	-4.085966	-2.184458	1.839986	1.321022	3.212589	20.34145	248
4.98	-0.6670446	-1.362819	10.06645	23.05516	1.326948	0.5752835	26.35406	13.08954	249
5	-2.509342	-2.728612	0.3095126	-4.348286	1.572091	1.072826	-22.47556	7.684961	250
5.02	-2.033417	-2.728612	3.265619	-3.0438	0.3539211	0.2360577	15.96549	13.74603	251
5.04	-3.578407	-2.387164	-5.199321	2.991058	1.979038	2.710077	-40.21442	-3.185267	252
5.06	-1.584876	-2.387164	5.841384	2.09374	0.352217	0.3795625	29.63765	-12.92572	253
5.08	-2.683454	-2.455454	-0.2898594	0.4412718	1.204767	0.9162776	-13.94279	1.776564	254
5.1	-0.7926986	-2.318874	9.839847	2.357583	-0.6746063	-1.674937	49.25562	9.57809	255
5.12	-2.147496	-2.387164	2.002805	0.6259618	0.06127614	-0.9263905	1.566735	2.539923	256
5.14	-1.705131	-2.318874	4.176062	1.46252	-0.5459726	-1.049953	24.93597	-14.84939	257
5.16	-2.819494	-2.318874	-2.127707	1.023764	0.5025412	0.5014099	-9.846876	-1.704352	258
5.18	-2.252432	-2.387164	1.039868	-0.3077117	0.1700898	0.2109118	16.7385	-24.95626	259
5.2	-3.090243	-2.045715	-3.717819	4.906333	1.676487	2.221721	-27.35913	4.142976	260
5.22	-2.487175	-3.411509	0.6608739	-17.05247	0.01472032	-0.2604173	38.47422	4.356717	261
5.24	-3.36245	-3.411509	-3.468242	-11.93673	0.6279104	-0.1521749	22.13785	9.120075	262
5.26	-2.940647	-3.411509	-0.4961059	-8.355708	0.4836406	-0.4065217	41.42252	19.04374	263
5.28	-2.689123	-1.772556	0.1988354	18.73529	2.435609	2.335531	-17.95497	2.005572	264
5.3	-1.682563	-1.704267	5.328169	14.13905	2.182926	2.506908	-18.84224	13.31855	265
5.32	-1.970446	-1.704267	3.372015	9.897334	2.204037	2.890731	-43.53457	-3.017329	266
5.34	-2.527212	-2.045715	0.3369775	1.806402	1.913898	3.241801	-46.97913	7.288014	267
5.36	-3.26737	-3.411509	-2.673757	-19.22242	0.71394	1.557792	-7.128222	-9.246336	268
5.38	-3.941899	-3.411509	-5.604712	-13.45569	1.065725	1.607145	-0.6894913	1.669694	269
5.4	-3.444184	-3.479798	-2.156536	-10.44333	0.9520133	0.8336228	26.1601	4.814733	270
5.42	-3.493629	-3.411509	-1.908774	-6.285986	1.521295	1.02978	15.90576	11.9445	271
5.44	-3.232817	-3.411509	0.03362417	-4.40019	1.616726	1.116896	16.38874	17.37962	272
5.46	-3.38685	-3.411509	-0.3519916	-3.080133	1.895949	1.551966	3.775268	1.593358	273
5.48	-1.916649	-2.045715	6.986843	18.33081	1.995997	1.779731	-2.483291	3.654427	274
5.5	-1.710136	-2.387164	7.684684	7.709833	1.308765	0.9221928	-9.524166	-1.399008	275
5.52	-2.46642	-2.387164	3.135711	5.396883	1.282461	1.680332	-31.57089	-0.3913745	276
5.54	-2.816214	-2.455454	1.00342	2.753472	1.107701	2.090402	-28.75869	-1.490611	277
5.56	-2.780824	-2.387164	0.944808	2.951777	1.031973	1.941679	-20.71664	-22.69672	278
5.58	-2.754901	-2.728612	1.096106	-3.055474	0.6728699	1.123628	-4.52945	-18.11656	279
5.6	-2.799986	-2.796902	0.8395895	-3.163178	0.6038131	0.7160289	2.395811	-3.337939	280
5.62	-2.897636	-2.728612	0.250092	-1.189878	0.8605858	0.9654295	-0.7609162	3.394885	281
5.64	-2.785754	-2.728612	0.8569871	-0.8329149	0.9337104	0.9970106	1.867366	4.295648	282
5.66	-2.52059	-2.455454	2.085495	3.514331	1.10159	1.125694	-1.992624	-0.7577868	283
5.68	-2.294013	-2.387164	3.081098	3.484378	1.023434	1.017823	-3.508941	0.967404	284
5.7	-2.197044	-2.387164	3.367765	2.439065	0.8032442	0.7686914	-3.106802	0.7536635	285
5.72	-2.250727	-2.318874	2.780126	2.731691	0.7247351	0.7887377	-6.209262	-0.4982448	286
5.74	-2.483596	-2.387164	1.324804	0.8878375	0.7466142	0.9998242	-9.187222	-0.2845043	287
5.76	-2.351831	-2.387164	1.893179	0.6214862	0.5656558	0.7400677	-0.556021	-2.788321	288
5.78	-2.27588	-2.387164	2.128958	0.4350404	0.4711019	0.4220103	3.337615	-5.246336	289
5.8	-2.327749	-2.387164	1.678633	0.3045282	0.5055767	0.4271551	2.391478	-1.963894	290
5.82	-2.262941	-2.318874	1.846563	1.237516	0.5304977	0.4639233	2.973881	-1.597481	291
5.84	-2.38817	-2.455454	1.118793	-1.182431	0.5328172	0.4521331	3.234769	-0.7883212	292
5.86	-2.291596	-2.387164	1.557823	0.1966444	0.5189545	0.3934841	6.362681	-0.02496221	293
5.88	-2.352419	-2.387164	1.150221	0.1376511	0.6301749	0.5019227	3.487662	-0.07076417	294
5.9	-2.236568	-2.318874	1.683315	1.120702	0.6404484	0.5207757	4.547366	0.2345794	295
5.92	-2.268092	-2.387164	1.474645	-0.2398549	0.6203927	0.4616731	4.350188	-0.05549657	296
5.94	-2.255252	-2.318874	1.462417	0.8564479	0.6642352	0.5499538	3.052874	0.02083933	297
5.96	-2.35061	-2.455454	0.9879816	-1.449179	0.6185161	0.498857	4.429568	0.1735111	298
5.98	-2.286635	-2.387164	1.31724	0.009920955	0.6156182	0.4607403	6.282199	0.03610609	299
6	-2.376366	-2.455454	0.8646613	-1.017402	0.6630517	0.4971249	5.091723	-0.1165653	300
6.02	-2.329751	-2.387164	1.111633	0.3121652	0.7203788	0.5854657	4.912727	-0.02496221	301
6.04	-2.253831	-2.387164	1.519424	0.2185156	0.6918786	0.502593	6.01644	0.05137369	302
6.06	-2.177771	-2.318874	1.861874	1.177307	0.6848948	0.4740129	5.059256	0.005571727	303
6.08	-2.285331	-2.387164	1.26822	-0.2002313	0.6899583	0.5394928	2.790935	0.005571727	304
6.1	-2.294413	-2.387164	1.221853	-0.1401619	0.6603577	0.5507129	4.066967	0.03610609	305
6.12	-2.336972	-2.455454	1.040048	-1.12246	0.6200757	0.4640093	5.911353	-0.009695026	306
6.14	-2.366213	-2.455454	0.9208658	-0.7857217	0.6496308	0.4770491	6.26567	-0.07076417	307
6.16	-2.348355	-2.455454	1.057796	-0.5500052	0.6682364	0.4711604	7.033452	0.09717523	308
6.18	-2.313567	-2.455454	1.279317	-0.3850036	0.6654676	0.4268032	7.681755	-0.009695026	309
6.2	-2.358488	-2.455454	1.063097	-0.2695025	0.7242882	0.5143428	5.559434	0.2345794	310
6.22	-2.294759	-2.455454	1.442257	-0.1886518	0.6732236	0.4483052	7.485895	0.05137369	311
6.24	-2.234911	-2.387164	1.726186	0.8922901	0.6784976	0.4282577	6.44989	-0.1623668	312
6.26	-2.273988	-2.387164	1.478858	0.6246031	0.7035413	0.512411	3.943097	-0.07076417	313
6.28	-2.211453	-2.387164	1.791828	0.4372222	0.6108812	0.4130636	6.207719	-0.07076417	314
6.3	-2.286697	-2.387164	1.343918	0.3060555	0.6431673	0.4690053	3.932415	-0.1471001	315
6.32	-2.379192	-2.455454	0.8776141	-0.8101075	0.6472245	0.5310805	4.235242	0.05137369	316
6.34	-2.282528	-2.387164	1.384852	0.4572712	0.6372928	0.4804679	6.474749	0.02083933	317
6.36	-2.246413	-2.387164	1.552814	0.3200898	0.6319173	0.4107486	6.443034	-0.08603092	318
6.38	-2.27574	-2.387164	1.368357	0.2240629	0.6564454	0.4637901	4.934532	-0.02496221	319
6.4	-2.367837	-2.455454	0.910562	-0.8675023	0.6674682	0.5224898	4.565213	0.06664087	320
6.42	-2.346818	-2.455454	1.068402	-0.6072516	0.6503975	0.48585	6.654223	-0.009695026	321
6.44	-2.312801	-2.387164	1.233496	0.5992702	0.721369	0.5451313	5.184653	-0.07076417	322
6.46	-2.253489	-2.387164	1.545005	0.4194891	0.6984001	0.505766	5.652324	0.05137369	323
6.48	-2.237892	-2.387164	1.609912	0.2936424	0.6671584	0.4586249	5.430074	-0.009695026	324
6.5	-2.283293	-2.387164	1.343248	0.2055497	0.6796892	0.5146872	3.961184	0.02083933	325
6.52	-2.216389	-2.318874	1.642058	1.168231	0.6730834	0.5318273	4.13612	0.05137369	326
6.54	-2.346396	-2.455454	0.9825895	-1.230931	0.6434106	0.5023761	4.051756	0.03610609	327
6.56	-2.346951	-2.455454	1.023912	-0.8616517	0.6150308	0.4625029	6.559559	-0.02496221	328
6.58	-2.360192	-2.455454	0.9848108	-0.6031561	0.6520011	0.4609825	6.685339	0.005571727	329
6.6	-2.259933	-2.387164	1.508281	0.6021371	0.6666647	0.4442557	7.233595	0.08190762	330
6.62	-2.296852	-2.455454	1.335898	-0.6028504	0.6483496	0.401118	6.762901	0.005571727	331
6.64	-2.294252	-2.387164	1.324733	0.6023511	0.7009391	0.512607	4.939493	0.06664087	332
6.66	-2.201021	-2.318874	1.763655	1.445992	0.6983764	0.5242637	4.667521	0.05137369	333
6.68	-2.245474	-2.387164	1.509349	-0.01215184	0.653607	0.4757802	4.263786	-0.009695026	334
6.7	-2.348761	-2.455454	0.9897742	-1.032853	0.629882	0.4854516	4.642746	-0.07076417	335
6.72	-2.210107	-2.318874	1.673171	1.325696	0.630894	0.4635675	6.164833	-0.02496221	336
6.74	-2.282837	-2.387164	1.262735	-0.09635925	0.6554508	0.4770013	4.245833	-0.02496221	337
6.76	-2.273042	-2.387164	1.313125	-0.06745148	0.631538	0.4750171	5.395827	0.005571727	338
6.78	-2.310176	-2.387164	1.10681	-0.04721603	0.6703821	0.5227247	4.411312	-0.08603092	339
6.8	-2.296223	-2.387164	1.188253	-0.03305122	0.67483	0.531086	5.02163	0.06664087	340
6.82	-2.174568	-2.318874	1.794611	1.00121	0.6427879	0.4427683	6.288633	0.05137369	341
6.84	-2.252972	-2.387164	1.361643	-0.323499	0.6357965	0.432833	4.733095	0.02083933	342
6.86	-2.205214	-2.318874	1.567956	0.797897	0.6291474	0.4641105	5.012509	-0.02496221	343
6.88	-2.228398	-2.318874	1.39422	0.5585279	0.6513625	0.5043962	3.643666	-0.08603092	344
6.9	-2.29251	-2.387164	1.066022	-0.6333768	0.6322268	0.5072194	4.223943	-0.05549657	345
6.92	-2.321109	-2.387164	0.9316429	-0.4433638	0.6565541	0.5369039	4.668256	-0.02496221	346
6.94	-2.208751	-2.318874	1.508647	0.7139917	0.651846	0.4824916	6.126944	-0.02496221	347
6.96	-2.307381	-2.387164	0.9914533	-0.5245522	0.6983207	0.5382987	3.748093	-0.08603092	348
6.98	-2.296834	-2.387164	1.080779	-0.3671865	0.6873251	0.5554959	4.988985	-0.02496221	349
7	-2.22319	-2.318874	1.449961	0.7673158	0.704668	0.543863	4.879346	0.02083933	350
7.02	-2.258858	-2.387164	1.278877	-0.4872253	0.6746031	0.4979822	4.835888	-0.07076417	351
7.04	-2.336755	-2.455454	0.9268948	-1.365404	0.6461625	0.4762208	5.700233	-0.02496221	352
7.06	-2.272739	-2.387164	1.281436	0.06856358	0.6506601	0.4581073	6.880066	0.005571727	353
7.08	-2.24091	-2.387164	1.452735	0.04799451	0.6440032	0.4086455	6.900273	-0.02496221	354
7.1	-2.32859	-2.455454	1.027043	-0.9907502	0.6495245	0.4347761	6.046395	0.03610609	355
7.12	-2.357082	-2.455454	0.9256551	-0.6935251	0.6706161	0.4877115	6.337157	-0.009695026	356
7.14	-2.308437	-2.455454	1.236885	-0.4854676	0.646677	0.4153058	8.155447	-0.009695026	357
7.16	-2.314244	-2.455454	1.236476	-0.3398273	0.6658403	0.4090976	7.455196	-0.07076417	358
7.18	-2.268389	-2.387164	1.463687	0.7864673	0.7045487	0.4788912	6.084923	0.05137369	359
7.2	-2.374915	-2.523743	0.9761758	-1.498151	0.6651865	0.4495409	6.318	0.02083933	360
7.22	-2.190765	-2.318874	1.893362	2.024319	0.6819496	0.4642955	6.794126	-0.04022981	361
7.24	-2.319592	-2.455454	1.219406	-0.6316693	0.6787599	0.4670194	4.464539	-0.07076417	362
7.26	-2.302445	-2.455454	1.342904	-0.4421685	0.6124661	0.4192266	6.970427	-0.05549657	363
7.28	-2.271765	-2.387164	1.469686	0.7148284	0.6458941	0.434746	6.072287	-0.009695026	364
7.3	-2.249394	-2.387164	1.559777	0.5003799	0.6361265	0.4271123	5.902428	-0.02496221	365
7.32	-2.246637	-2.387164	1.544367	0.3502659	0.6190847	0.4131384	5.757601	0.02083933	366
7.34	-2.274318	-2.387164	1.367394	0.2451861	0.6282229	0.4479516	5.025335	0.03610609	367
7.36	-2.238791	-2.318874	1.490877	1.195977	0.6663588	0.5230011	3.998744	-0.07076417	368
7.38	-2.268292	-2.387164	1.327622	-0.1871628	0.6316912	0.4808692	4.629	0.005571727	369
7.4	-2.274131	-2.387164	1.289587	-0.1310139	0.616154	0.4542519	5.442834	-0.08603092	370
7.42	-2.291848	-2.387164	1.187052	-0.09170975	0.6358671	0.4716426	5.26956	-0.009695026	371
7.44	-2.296621	-2.387164	1.161626	-0.06419683	0.6572981	0.4984314	5.227919	-0.04022981	372
7.46	-2.36903	-2.455454	0.8278805	-1.069284	0.6736858	0.5199651	5.260233	-0.009695026	373
7.48	-2.350346	-2.455454	0.986974	-0.7484989	0.6726831	0.4957668	6.86424	0.005571727	374
7.5	-2.326444	-2.455454	1.161235	-0.5239492	0.679104	0.4532951	7.411433	-0.02496221	375
7.52	-2.231459	-2.387164	1.65714	0.6575819	0.6771714	0.4202332	7.439348	-0.1318325	376
7.54	-2.336498	-2.455454	1.118827	-0.564039	0.7051665	0.4897899	4.853008	-0.02496221	377
7.56	-2.311366	-2.455454	1.294493	-0.3948273	0.6562239	0.4606	6.809019	-0.009695026	378
7.58	-2.319982	-2.455454	1.26957	-0.2763791	0.656239	0.4320832	6.749742	-0.02496221	379
7.6	-2.267708	-2.387164	1.519805	0.830881	0.6815486	0.4698655	5.979022	0.02083933	380
7.62	-2.309886	-2.455454	1.314888	-0.4427297	0.6533924	0.4421013	5.928491	-0.07076417	381
7.64	-2.198948	-2.318874	1.829673	1.738782	0.6701611	0.4740604	5.423068	-0.1012981	382
7.66	-2.260645	-2.387164	1.468482	0.192801	0.6579679	0.478762	3.946083	0.03610609	383
7.68	-2.275113	-2.387164	1.372117	0.1349607	0.6318833	0.4869521	4.558684	-0.07076417	384
7.7	-2.361321	-2.455454	0.9408152	-0.9298739	0.6283846	0.4855897	4.957054	-0.1012981	385
7.72	-2.369316	-2.455454	0.9356568	-0.6509117	0.6431577	0.4900855	6.256202	-0.05549657	386
7.74	-2.308482	-2.387164	1.248212	0.5687082	0.7015381	0.5270063	5.785849	0.02083933	387
7.76	-2.275548	-2.387164	1.415543	0.3980957	0.7140742	0.5280604	5.161778	0.03610609	388
7.78	-2.28543	-2.387164	1.352722	0.278667	0.7241544	0.5622849	4.029621	0.08190762	389
7.8	-2.175134	-2.318874	1.889087	1.219413	0.6750417	0.4982858	5.053799	-0.009695026	390
7.82	-2.283191	-2.455454	1.336498	-1.195103	0.595828	0.388931	5.474261	-0.05549657	391
7.84	-2.338986	-2.455454	1.060704	-0.8365723	0.586893	0.4064887	6.34771	0.05137369	392
7.86	-2.286787	-2.387164	1.317287	0.4387457	0.6226039	0.4309373	6.672874	-0.08603092	393
7.88	-2.294675	-2.387164	1.255142	0.307122	0.6721644	0.485883	5.228588	0.02083933	394
7.9	-2.21188	-2.318874	1.6436	1.239332	0.6856152	0.51357	4.873395	0.005571727	395
7.92	-2.256507	-2.387164	1.397602	-0.1568142	0.6556262	0.4806217	4.459427	-0.009695026	396
7.94	-2.273273	-2.387164	1.302871	-0.1097699	0.6357785	0.4779618	4.96406	0.03610609	397
7.96	-2.355275	-2.455454	0.9072964	-1.101185	0.6321638	0.4751311	5.418057	-0.05549657	398
7.98	-2.281923	-2.387164	1.299084	0.2535166	0.6428292	0.4628342	6.737993	0.005571727	399
8	-2.213342	-2.318874	1.607733	1.201808	0.6873594	0.4873329	5.223442	-0.04022981	400
8.02	-2.249979	-2.387164	1.409538	-0.1830808	0.656768	0.4687179	4.839595	-0.08603092	401
8.04	-2.204711	-2.318874	1.601028	0.8961898	0.6523564	0.4856291	4.674873	-0.07076417	402
8.06	-2.194512	-2.318874	1.605249	0.6273329	0.6320354	0.4642531	4.381279	-0.02496221	403
8.08	-2.181825	-2.318874	1.625294	0.439133	0.590995	0.4188353	4.946137	0.005571727	404
8.1	-2.309618	-2.387164	0.9404821	-0.7169533	0.6153355	0.4832802	3.692846	-0.009695026	405
8.12	-2.286856	-2.387164	1.085473	-0.5018673	0.5916968	0.4517975	6.325035	0.005571727	406
8.14	-2.29612	-2.387164	1.047321	-0.3513071	0.630879	0.4489045	6.204076	0.03610609	407
8.16	-2.211074	-2.318874	1.472281	0.7784314	0.658688	0.4629835	6.172474	-0.04022981	408
8.18	-2.275577	-2.387164	1.143035	-0.4794444	0.6713963	0.4834124	4.877237	-0.009695026	409
8.2	-2.350653	-2.455454	0.815654	-1.359957	0.6579332	0.4960993	5.729975	0.005571727	410
8.22	-2.271914	-2.387164	1.259346	0.07237613	0.6615181	0.4655516	7.168409	0.02083933	411
8.24	-2.269803	-2.387164	1.278117	0.05066329	0.69111	0.4736189	5.940522	-0.02496221	412
8.26	-2.268273	-2.387164	1.298037	0.03546431	0.694634	0.5007862	5.423371	0.005571727	413
8.28	-2.231712	-2.387164	1.503714	0.02482501	0.6487425	0.4352517	6.463259	0.02083933	414
8.3	-2.23227	-2.387164	1.494596	0.01737751	0.6240129	0.3943594	6.386189	-0.08603092	415
8.32	-2.265141	-2.387164	1.309032	0.01216426	0.6329557	0.4319662	5.549024	0.02083933	416
8.34	-2.302046	-2.387164	1.110454	0.008514979	0.6650291	0.5076551	4.706447	0.005571727	417
8.36	-2.363317	-2.455454	0.8421844	-1.018386	0.6644371	0.515442	5.458567	0.03610609	418
8.38	-2.278619	-2.387164	1.305777	0.3114762	0.6719853	0.4871899	6.748573	0.05137369	419
8.4	-2.244053	-2.387164	1.487797	0.2180334	0.6673509	0.4375149	6.478215	-0.02496221	420
8.42	-2.174015	-2.318874	1.80527	1.17697	0.6636389	0.4400813	5.612367	-0.009695026	421
8.44	-2.185158	-2.318874	1.686303	0.8238788	0.6524934	0.4622242	4.048665	-0.08603092	422
8.46	-2.182653	-2.318874	1.649453	0.5767152	0.6062419	0.4429613	4.382717	-0.1012981	423
8.48	-2.216831	-2.318874	1.415226	0.4037006	0.602304	0.4601525	3.879252	0.005571727	424
8.5	-2.218066	-2.318874	1.370008	0.2825904	0.5889418	0.4532876	4.584179	-0.1012981	425
8.52	-2.316353	-2.387164	0.8581483	-0.8265331	0.6124118	0.4881973	4.288246	-0.009695026	426
8.54	-2.344926	-2.387164	0.7367891	-0.5785732	0.6621981	0.5570864	4.778426	-0.04022981	427
8.56	-2.307161	-2.387164	0.9791424	-0.4050012	0.6822192	0.5333499	6.0404	-0.02496221	428
8.58	-2.352708	-2.455454	0.8158804	-1.307847	0.6947286	0.507962	6.302964	-0.04022981	429
8.6	-2.25528	-2.387164	1.365173	0.1088533	0.6921566	0.4708834	7.451396	-0.02496221	430
8.62	-2.26285	-2.387164	1.33285	0.0761973	0.7200892	0.4932683	5.553808	-0.04022981	431
8.64	-2.180307	-2.318874	1.739253	1.077684	0.7037171	0.500909	5.233859	-0.02496221	432
8.66	-2.351578	-2.455454	0.8750297	-1.294314	0.6990631	0.5427365	3.41487	-0.02496221	433
8.68	-2.277699	-2.387164	1.290573	0.1183268	0.6639587	0.5200619	5.972651	0.02083933	434
8.7	-2.27636	-2.387164	1.296567	0.08282875	0.6780927	0.4903579	5.393431	0.02083933	435
8.72	-2.243952	-2.387164	1.471334	0.05798012	0.6457606	0.4428372	6.222199	-0.1012981	436
8.74	-2.271039	-2.387164	1.316464	0.04058608	0.6587521	0.4653094	5.184989	0.005571727	437
8.76	-2.258079	-2.387164	1.384051	0.02841026	0.6371885	0.4506008	5.839935	-0.04022981	438
8.78	-2.25033	-2.387164	1.417793	0.01988718	0.620195	0.4154665	6.199049	-0.009695026	439
8.8	-2.3519	-2.455454	0.9122105	-1.010425	0.6372003	0.4550499	5.50583	-0.009695026	440
8.82	-2.354292	-2.455454	0.949986	-0.7072977	0.6449828	0.4681849	6.855331	0.06664087	441
8.84	-2.290097	-2.387164	1.289148	0.5292379	0.6939746	0.4927485	6.432449	0.05137369	442
8.86	-2.340315	-2.455454	1.065177	-0.6538798	0.7054933	0.5060989	5.630451	-0.009695026	443
8.88	-2.187214	-2.318874	1.834369	1.590977	0.7021936	0.4975373	6.081237	-0.07076417	444
8.9	-2.214632	-2.387164	1.67016	0.08933747	0.6523023	0.4220599	5.258897	0.005571727	445
8.92	-2.267615	-2.387164	1.366745	0.06253622	0.6428862	0.4697754	4.400726	0.02083933	446
8.94	-2.275771	-2.387164	1.312673	0.04377536	0.6253021	0.4699909	5.105948	-0.07076417	447
8.96	-2.271192	-2.387164	1.326195	0.03064275	0.6167763	0.442493	5.738829	-0.08603092	448
8.98	-2.273294	-2.387164	1.303387	0.02144993	0.6228753	0.4379987	5.813921	-0.02496221	449
9	-2.272332	-2.387164	1.300354	0.01501495	0.6292193	0.4416199	5.873681	0.005571727	450
9.02	-2.270151	-2.387164	1.306245	0.01051046	0.6342261	0.443591	5.902508	0.02083933	451
9.04	-2.183801	-2.318874	1.715314	1.031704	0.6289424	0.4214676	6.135008	-0.009695026	452
9.06	-2.260526	-2.387164	1.294902	-0.3021538	0.6264706	0.4313419	4.860397	0.03610609	453
9.08	-2.259632	-2.387164	1.302586	-0.2115076	0.5982815	0.4193345	6.127446	-0.1318325	454
9.1	-2.205164	-2.318874	1.542248	0.876291	0.6190444	0.4249605	5.826402	0.03610609	455
9.12	-2.288192	-2.387164	1.099105	-0.4109426	0.6391438	0.4698361	4.561736	-0.02496221	456
9.14	-2.272928	-2.387164	1.19818	-0.2876598	0.6185905	0.4528297	6.163017	-0.1012981	457
9.16	-2.274673	-2.318874	1.14892	0.8229845	0.7142399	0.5751325	3.642119	0.02083933	458
9.18	-2.20344	-2.318874	1.515115	0.5760891	0.6820548	0.5333837	4.81005	-0.08603092	459
9.2	-2.212203	-2.318874	1.438606	0.4032623	0.6814471	0.5242462	3.793453	-0.02496221	460
9.22	-2.191293	-2.318874	1.52672	0.2822836	0.6375002	0.4818233	4.589396	0.03610609	461
9.24	-2.292881	-2.387164	1.000306	-0.8267478	0.6357998	0.4951542	4.055963	0.05137369	462
9.26	-2.198817	-2.318874	1.484302	0.4456229	0.6060461	0.4424165	6.329194	0.005571727	463
9.28	-2.282344	-2.387164	1.049783	-0.7124103	0.6278601	0.4428121	5.164085	-0.05549657	464
