1.963328 4.558126
2.851094 5.211871
2.851094 5.144941
3.875440 4.343482
3.807150 4.533543
4.899785 5.226857
5.446102 4.950399
6.402158 3.614554
6.128999 4.203411
6.743606 4.960628
5.172944 5.438982
9.065455 5.401358
10.089801 5.454616
9.680062 5.531156
10.772697 5.206636
11.455594 5.443475
11.182436 6.011534
13.162836 5.402764
12.889678 5.440972
13.504285 5.306079
16.167583 3.666053
15.143237 4.080570
15.143237 4.324813
16.167583 4.880330
15.826134 4.925264
16.577320 4.998441
17.465086 4.574516
17.465086 5.145220
19.377197 4.727522
19.035749 5.044592
18.762590 5.350695
20.264963 5.529183
20.060095 5.540903
20.674702 5.426789
16.235872 5.304223
22.518522 4.346090
24.225765 5.005458
25.181820 4.659421
26.001297 4.847074
26.615904 5.283133
27.230511 4.910532
28.391436 5.190521
29.484070 5.359317
31.464472 5.536792
32.761974 6.105796
