0	-0.3854502	-0.3384733	-1.820994	-5.0771	0.007380402	0.05338616	-0.05074853	-7.726651e-05	-0
0.02	-0.3743092	-0.3384733	-1.322594	-2.795083	0.1594034	0.05769552	5.218597	1.816716	1.095957
0.04	-0.3663582	-0.3384733	-0.886542	-1.676894	0.3902579	0.348967	1.124722	-0.1985506	1.140027
0.06	-0.3197322	-0.2701836	-0.3246919	0.2026681	0.4603533	0.4681058	-2.42251	-0.2901537	0.7912232
0.08	-0.2549745	-0.2701836	0.1878664	0.09930736	0.3271816	0.3466482	-2.988344	-0.01534445	0.2547112
0.1	-0.4662548	-0.4067631	-0.7147631	-1.692728	0.2650007	0.3809236	-2.557406	-0.04587881	0.8876262
0.12	-0.2871275	-0.2701836	0.2707814	0.6046481	0.2784483	0.3064923	-2.534941	0.03045709	0.3683007
0.14	-0.2973077	-0.2701836	0.2486272	0.6035814	0.2111802	0.2767674	-2.438576	0.01518991	0.4971948
0.16	-0.4676954	-0.4067631	-0.5957525	-1.752938	0.2034148	0.3264354	-3.361907	-0.01534445	0.4920024
0.18	-0.3161113	-0.2701836	0.2328602	0.8824493	0.2413556	0.2849456	-1.81717	0.1678617	0.6418363
0.2	-0.3755291	-0.3384733	-0.097038	-0.5919462	0.2059077	0.2791983	-3.702326	0.01518991	0.04868033
0.22	-0.356591	-0.2701836	0.05007935	1.041597	0.2348309	0.3231421	-2.206563	0.04572427	0.8918186
0.24	-0.3552153	-0.3384733	0.1017038	-0.2066601	0.2008875	0.2560974	-1.607167	-0.06114598	0.5840831
0.26	-0.3673838	-0.3384733	0.06927142	-0.1012634	0.2118293	0.2895337	-1.808538	-0.01534445	0.7587018
0.28	-0.3641765	-0.3384733	0.1065838	-0.04961909	0.2075409	0.2720326	-1.922541	-0.04587881	0.5954069
0.3	-0.3708427	-0.3384733	0.03881679	-0.3316172	0.2136782	0.3072026	-3.3468	-0.06114598	0.3889206
0.32	-0.4133762	-0.3384733	-0.2126322	-0.4697964	0.2356305	0.3671197	-4.470006	-0.07641316	0.425638
0.34	-0.4832758	-0.4067631	-0.440372	-0.9472426	0.2428209	0.3523396	-1.641372	0.09152581	1.137001
0.36	-0.3796708	-0.3384733	0.1346326	0.2528935	0.3004601	0.3596316	-2.946458	0.03045709	0.560828
0.38	-0.2960554	-0.2701836	0.4895936	0.8409603	0.2568829	0.3532181	-4.820831	-0.06114598	0.1769973
0.4	-0.8646584	-0.7482109	-2.209289	-6.143732	0.1872537	0.3672304	-2.261849	-0.1069475	0.9381742
0.42	-1.072766	-1.02137	-2.357647	-5.878598	0.3137465	0.1660218	12.7993	0.3510679	3.364215
0.44	-0.3194845	-0.2701836	1.659454	6.850768	0.8655656	0.6737069	-3.944026	3.831984	0.3834887
0.46	-1.750764	-1.02137	-5.932495	-9.140136	1.269034	2.219234	-41.34737	-1.893207	-1.644464
0.48	-3.724879	-3.411509	-12.78409	-35.7212	0.8210694	1.239073	25.97585	-6.79397	11.91658
0.5	-6.482324	-6.416255	-20.48292	-53.66278	1.448537	-0.3875588	90.80836	27.96939	13.47075
0.52	-9.48082	-9.079553	-26.14754	-55.79591	4.566415	2.265903	114.6859	18.03045	26.81409
0.54	-12.09899	-11.67456	-28.07424	-58.88983	7.989594	5.4771	87.57785	38.48847	26.81778
0.56	-14.03768	-13.99641	-25.74865	-62.14725	9.896693	8.097016	57.70747	26.16786	28.94992
0.58	-12.32057	-12.69891	-6.913571	-15.59914	10.72169	9.495785	22.65242	12.83962	28.7368
0.6	-12.04273	-12.35746	1.584859	3.009621	9.989469	9.556599	-3.683114	-13.74053	26.14498
0.62	-12.57765	-12.63062	2.303922	-2.315368	8.662086	9.210634	-50.30706	-11.14511	14.87423
0.64	-8.780862	-9.762449	21.47329	34.81999	5.940957	5.82076	-43.39159	-26.70236	5.374939
0.66	-8.737868	-9.079553	18.01409	27.30525	3.289787	4.61018	-63.54142	-37.16038	2.172954
0.68	-4.795695	-5.460199	31.43685	60.90919	1.070706	1.91718	-57.80241	-42.10694	-4.40206
0.7	-3.976496	-4.367564	26.5792	44.39121	-1.314196	0.6639651	-72.20724	-28.76344	-8.069036
0.72	-1.141672	-1.02137	29.92985	62.72551	-2.511781	-0.4030338	-89.65231	-28.00008	-14.55993
0.74	0.08228958	0.2761335	24.26566	44.35928	-4.573867	-2.338501	-91.90406	-20.33595	-22.07413
0.76	0.1194248	0.3444233	14.67836	20.91657	-6.248568	-4.704333	-33.49719	-29.87794	-16.3385
0.78	0.9537936	0.9590311	10.79798	13.93677	-6.085965	-5.825955	0.8745165	10.93122	-16.28795
0.8	1.135352	1.02732	6.399538	7.546051	-5.250097	-5.486695	34.21646	6.854884	-7.577867
0.82	1.546334	1.573638	4.516427	10.66312	-3.628373	-4.18157	24.29558	18.1984	-7.957528
0.84	1.673915	1.300479	3.089632	3.585975	-3.191579	-4.095514	38.45589	8.198396	-5.649264
0.86	0.4178006	0.2761335	-4.15954	-12.37884	-2.342996	-3.059372	34.73218	4.900685	-3.759373
0.88	1.139556	0.6858721	0.2341049	1.30966	-1.549599	-3.03048	56.63477	12.64114	0.3002789
0.9	0.08212733	0.002975464	-4.52156	-8.065196	-0.3631082	-1.051812	23.7234	-1.038245	-0.3267525
0.92	-0.6666583	-1.02137	-6.120619	-16.24409	-0.3943923	-1.646159	45.57047	9.3129	0.9776139
0.94	-0.6735266	-1.02137	-3.362281	-4.886567	0.5087179	-0.8134317	54.21966	8.289999	6.964344
0.96	-2.032558	-2.318874	-7.525414	-19.09125	1.147338	0.1368215	33.64346	2.992289	3.899887
0.98	-1.231061	-1.704267	-0.859652	-1.364812	1.477862	0.1747136	32.2818	8.961755	3.359123
1	-2.780119	-2.728612	-6.096754	-11.11708	1.864034	1.556137	18.75564	-0.4122909	8.119314
1.02	-2.856016	-2.728612	-4.863576	-10.05692	2.437376	2.186221	-12.92535	12.56481	0.4400506
1.04	-1.310234	-1.704267	4.991583	10.43729	2.066886	1.991941	12.39052	-1.206184	10.65604
1.06	-1.776642	-1.635977	2.244573	6.138618	1.932764	2.483021	-34.85574	11.61824	0.05942625
1.08	-2.163609	-2.318874	0.5507768	-5.699021	0.5482534	0.8270202	-4.828053	-9.801602	1.913958
1.1	-1.332225	-1.362819	3.952678	7.246064	0.6989274	0.9010403	-12.04757	0.7174802	0.5217025
1.12	-2.003188	-1.704267	0.1155921	0.2726726	0.7083557	1.435231	-13.03418	-4.961909	4.308261
1.14	-1.439832	-1.362819	2.783617	5.562632	0.7431254	1.001267	-4.623015	1.938854	3.533045
1.16	-1.569527	-1.362819	1.44579	2.725689	0.8219165	1.304125	-18.64861	-1.038245	0.98311
1.18	-1.702642	-1.704267	0.51714	-3.78613	0.3641845	0.6557575	-6.007757	-2.626031	1.373049
1.2	-1.545801	-1.362819	1.10437	3.266514	0.5802941	0.7423127	-3.096511	0.2899987	2.448808
1.22	-1.370867	-1.362819	1.668926	1.600592	0.5687808	0.7000423	-6.050154	-0.04587881	1.042501
1.24	-1.442817	-1.362819	1.171226	2.013501	0.4978624	0.6630746	-2.082482	-0.03061162	2.400525
1.26	-1.726216	-1.704267	-0.3676326	-4.135102	0.4751851	0.6075157	-2.637436	0.04572427	1.364766
1.28	-1.364462	-1.362819	1.362007	1.559002	0.6037989	0.6462671	-2.235553	0.3510679	1.597854
1.3	-1.402351	-1.362819	0.9154949	0.4566071	0.570147	0.7199147	-6.759654	-0.3206878	0.861799
1.32	-1.850246	-1.772556	-1.305834	-5.922327	0.4814339	0.680777	-2.671661	-0.1069475	1.81733
1.34	-1.280347	-1.362819	1.615597	1.400305	0.5494078	0.426145	1.708863	1.129694	1.230531
1.36	-1.809842	-1.635977	-1.137823	-3.411222	0.7417067	1.041038	-8.178888	-0.9619092	1.961946
1.38	-1.395883	-1.362819	1.033092	1.196661	0.7419673	0.8004084	-4.377581	1.893052	1.483
1.4	-1.360782	-1.362819	1.162669	0.5863639	0.6511256	0.8317702	-4.65378	-0.1069475	2.103789
1.42	-1.783803	-1.704267	-0.951695	-4.834399	0.5872524	0.809796	-4.617158	-0.04587881	1.834886
1.44	-1.454919	-1.362819	0.7176297	1.216347	0.7671751	0.8623834	-5.233823	1.648778	1.618677
1.46	-1.831878	-1.772556	-1.089275	-5.550055	0.6454913	0.8154832	-5.053361	0.04572427	1.366413
1.48	-1.399963	-1.362819	1.078282	1.275414	0.7673462	0.8451263	-5.536714	0.1983961	1.367653
1.5	-1.87336	-1.704267	-1.274302	-4.496764	0.7944795	1.150628	-9.169254	-0.1527491	2.251868
1.52	-1.372633	-1.362819	1.328758	1.381788	0.759481	0.812646	-4.63326	1.129694	1.442163
1.54	-1.852769	-1.635977	-1.263695	-4.034904	0.8312957	1.229517	-14.11503	-0.2901537	1.18657
1.56	-1.519011	-1.362819	0.6982709	2.120268	0.8603923	1.057753	-3.829224	1.923586	3.371424
1.58	-1.885954	-1.635977	-1.17985	-3.365744	1.068212	1.527615	-15.40285	-0.5496955	2.174602
1.6	-1.461615	-1.362819	1.290366	2.755461	0.9256392	1.073303	-4.408307	0.3358007	3.021822
1.62	-1.367491	-1.362819	1.646019	1.350176	0.8291262	1.099712	-9.110986	-2.397024	2.125441
1.64	-1.355309	-1.294529	1.443892	1.685932	0.6241097	0.8830845	-9.197889	-1.679467	1.335058
1.66	-1.5861	-1.362819	0.03769076	0.1090644	0.6755708	1.078736	-10.66732	-2.717634	2.18176
1.68	-1.554863	-1.431108	0.2547413	-0.9709048	0.7492774	1.112375	-5.880227	0.1525945	3.574366
1.7	-1.460932	-1.362819	0.6829572	0.2412991	0.7731028	0.9719411	-7.780224	-0.1832834	1.686178
1.72	-1.429826	-1.362819	0.6947125	-0.1890673	0.6349202	0.796868	-8.061874	-0.03061162	0.7530235
1.74	-1.408221	-1.362819	0.6693404	-0.3999469	0.51316	0.6643685	-4.98548	-1.114581	1.222598
1.76	-1.347493	-1.294529	0.8666763	0.8283724	0.5057484	0.6190007	-2.872917	-0.1222147	1.642084
1.78	-1.468724	-1.362819	0.1773326	-0.31114	0.5809833	0.7469646	-4.300129	-0.06114598	1.796575
1.8	-1.365399	-1.294529	0.7031901	0.8718877	0.6410801	0.7702583	-3.624039	-0.01534445	1.99391
1.82	-1.311168	-1.294529	0.9688568	0.7345289	0.5904227	0.6954693	-2.891328	-0.09168034	1.833347
1.84	-1.465408	-1.362819	0.1480587	-0.3571233	0.625126	0.8000367	-5.03386	-0.1680162	1.773739
1.86	-1.42424	-1.362819	0.4096769	-0.1749904	0.6330488	0.7546746	-3.290205	0.04572427	1.919609
1.88	-1.396046	-1.362819	0.5787945	-0.0857453	0.6160752	0.7051516	-3.057857	-7.726651e-05	1.653697
1.9	-1.408437	-1.362819	0.5168025	-0.04201519	0.6102512	0.7172568	-3.435501	0.04572427	1.666267
1.92	-1.363724	-1.362819	0.7628296	-0.02058744	0.5600348	0.6350428	-1.753125	-0.03061162	1.763745
1.94	-1.321081	-1.294529	0.9343132	1.014259	0.5830637	0.6852119	-2.703934	-0.07641316	1.851246
1.96	-1.503343	-1.431108	0.004926354	-1.244402	0.5843563	0.7296691	-3.692447	-0.04587881	1.732179
1.98	-1.38694	-1.362819	0.6556072	0.1072854	0.614237	0.6965506	-1.844654	0.04572427	1.995216
2	-1.305835	-1.294529	1.041861	1.076916	0.6071664	0.6886832	-2.891361	0.01518991	1.697011
2.02	-1.416582	-1.362819	0.4487901	-0.1893535	0.5862589	0.7342066	-3.759156	-0.09168034	1.824291
2.04	-1.40785	-1.362819	0.5056906	-0.09278321	0.5898178	0.7000252	-2.753289	0.01518991	1.845902
2.06	-1.410207	-1.362819	0.4899395	-0.04546377	0.5988497	0.6902881	-3.172732	-0.03061162	1.576754
2.08	-1.387709	-1.362819	0.6163196	-0.02227725	0.5803634	0.6651539	-2.410824	-0.04587881	1.703228
2.1	-1.394706	-1.362819	0.5677444	-0.01091585	0.5722249	0.6515728	-2.662683	-0.04587881	1.543939
2.12	-1.38416	-1.362819	0.623553	-0.005348767	0.5630785	0.6452173	-2.060989	-0.03061162	1.73287
2.14	-1.413332	-1.362819	0.4713965	-0.002620896	0.6044842	0.7205896	-3.027313	-0.03061162	1.857358
2.16	-1.404922	-1.362819	0.523327	-0.001284239	0.6049403	0.6992483	-3.082982	-0.07641316	1.652163
2.18	-1.371844	-1.362819	0.7085	-0.000629277	0.5703167	0.6481449	-1.991613	-0.09168034	1.74471
2.2	-1.399032	-1.362819	0.5492936	-0.0003083457	0.5764083	0.6676065	-2.804595	-0.07641316	1.615444
2.22	-1.368541	-1.362819	0.703805	-0.0001510894	0.5387729	0.5958111	-1.604913	-7.726651e-05	1.578675
2.24	-1.425073	-1.362819	0.3956649	-7.40338e-05	0.6005945	0.7227765	-3.23152	-0.09168034	1.82872
2.26	-1.386587	-1.362819	0.6078121	-3.627656e-05	0.5779758	0.6460422	-2.324433	-0.01534445	1.576522
2.28	-1.365143	-1.362819	0.7233788	-1.777551e-05	0.5501854	0.6165658	-1.567669	-0.04587881	1.710676
2.3	-1.313448	-1.294529	0.9488863	1.024338	0.5715044	0.6599976	-2.244699	0.01518991	1.83861
2.32	-1.463237	-1.431108	0.1958476	-1.239463	0.5388575	0.6453621	-2.211583	-0.06114598	1.715762
2.34	-1.407221	-1.362819	0.5078822	0.1097054	0.6119325	0.698936	-2.259598	0.01518991	1.887189
2.36	-1.380288	-1.362819	0.6691571	0.05375565	0.6073874	0.6928028	-2.480811	-0.03061162	1.780515
2.38	-1.393248	-1.362819	0.6520678	0.3336442	0.5973383	0.6863282	-1.744293	-0.06114598	2.034611
2.4	-1.378314	-1.362819	0.7159003	0.1634856	0.5896131	0.6673084	-2.637387	-0.04587881	1.606717
2.42	-1.391827	-1.362819	0.6209053	0.08010796	0.5682665	0.6578037	-2.832529	-0.07641316	1.568148
2.44	-1.397468	-1.362819	0.5737876	0.0392529	0.5648958	0.65751	-2.583315	-0.01534445	1.66368
2.46	-1.458356	-1.431108	0.2837858	-1.005112	0.552447	0.6333751	-1.959489	-7.726651e-05	1.638122
2.48	-1.413373	-1.362819	0.5150099	0.2245374	0.6217165	0.7088065	-2.950764	-0.03061162	1.702272
