0	0.3738693	0.3444233	1.754909	17.22116	0.01222441	-0.01935288	-0.5654252	0.08114435	0
0.02	0.4757214	0.4127131	1.990631	3.414488	-0.02414042	-0.0368038	0.4394085	0.05060999	0
0.04	0.368966	0.3444233	1.186405	-3.414488	-0.01566394	-0.009057066	0.4885229	0.03534281	0
0.06	0.4354304	0.4127131	1.315952	3.414488	0.0007666207	-0.009071173	0.1028271	0.02007521	0
0.08	0.3798328	0.3444233	0.8705755	-3.414488	-0.01854434	-0.02626124	0.7431548	-0.04099309	0
0.1	0.3688508	0.3444233	0.6925713	0	-0.01573518	-0.03568844	0.8474659	0.03534281	0
0.12	0.3790716	0.3444233	0.6494364	0	-0.02425594	-0.05796191	1.266263	0.02007521	0
0.14	0.2967119	0.2761335	0.1722539	-3.414488	-0.02020467	-0.04969731	1.410608	-0.01045873	0
0.16	0.2995592	0.2761335	0.1701957	0	-0.01609465	-0.06046564	1.460579	0.05060999	0
0.18	0.3601674	0.3444233	0.4317707	3.414488	0.005566344	-0.03481777	0.8809355	-0.01045873	0
0.2	0.3740236	0.3444233	0.4482516	0	-0.001359411	-0.03605418	1.014723	-0.02572591	0
0.22	0.2722389	0.2761335	-0.09930255	-3.414488	0.02028845	0.01269625	0.3685761	-0.01045873	0
0.24	0.2885706	0.2761335	0.005245902	0	0.01265037	-0.006773967	0.3738489	0.03534281	0
0.26	0.3642115	0.3444233	0.3716871	3.414488	0.006082429	-0.01888997	0.4000698	0.004808453	0
0.28	0.3820017	0.3444233	0.4218529	0	-0.02084462	-0.05345803	1.172898	0.004808453	0
0.3	0.3906418	0.3444233	0.4222897	0	-0.04279166	-0.0968321	2.061984	-0.04099309	0
0.32	0.3346822	0.3444233	0.07923782	0	0.01211161	-0.01307436	0.757465	-0.02572591	0
0.34	0.2639751	0.2761335	-0.2677338	-3.414488	0.03457645	0.03204784	-0.07106569	-0.01045873	0
0.36	0.3449379	0.3444233	0.1581993	3.414488	0.03709474	0.03197762	-0.5623282	0.02007521	0
0.38	0.3389263	0.3444233	0.1081465	0	0.03509369	0.05354005	-0.8789214	-0.01045873	0
0.4	0.3588615	0.3444233	0.2002038	0	0.005018884	0.01229416	-0.288132	0.03534281	0
0.42	0.3657351	0.3444233	0.215757	0	-0.02119008	-0.0294948	0.4952334	-0.01045873	0
0.44	0.2873719	0.2761335	-0.1788042	-3.414488	-0.03014383	-0.04393896	1.033442	-0.04099309	0
0.46	0.2950286	0.2761335	-0.1069763	0	-0.0350646	-0.07415306	1.481193	-0.01045873	0
0.48	0.3634822	0.3444233	0.234394	3.414488	-0.0219373	-0.07018047	1.369474	0.02007521	0
0.5	0.297585	0.2761335	-0.09829749	-3.414488	-0.02369823	-0.06319298	1.658644	-0.05626069	0
0.52	0.3143402	0.2761335	0.01761262	0	-0.03644637	-0.1025206	2.265029	-0.02572591	0
0.54	0.3473545	0.3444233	0.1628228	3.414488	0.00991441	-0.03815004	1.111528	-0.01045873	0
0.56	0.2742169	0.2761335	-0.2021322	-3.414488	0.02863264	0.01217156	0.4179969	0.05060999	0
0.58	0.305019	0.2761335	-0.0006097108	0	0.001837026	-0.03389501	0.9317603	0.08114435	0
0.6	0.294374	0.2761335	-0.0366571	0	-0.002830599	-0.03601824	1.040279	-0.07152744	0
0.62	0.3119684	0.2761335	0.07560253	0	-0.02366177	-0.07444319	1.694948	0.02007521	0
0.64	0.3809844	0.3444233	0.4046639	3.414488	-0.0233078	-0.086972	1.861302	0.004808453	0
0.66	-1.048956	-1.02137	-6.317307	-68.28967	-0.1263886	-0.1049464	6.015313	0.03534281	0
0.68	0.2677008	0.3444233	0.7316325	68.28967	0.1180906	-0.07227223	-1.222682	0.004808453	0
0.7	0.3548939	0.2761335	1.096563	-3.414488	0.02577009	-0.003181014	0.4314997	0.02007521	0
0.72	0.3273672	0.2761335	0.8329026	0	-0.007136215	-0.03845745	1.209583	0.02007521	0
0.74	0.4188585	0.3444233	1.17381	3.414488	-0.04288558	-0.1153893	2.352302	-0.05626069	0
0.76	0.2785457	0.2761335	0.3266262	-3.414488	0.008621885	-0.01798295	1.196017	0.004808453	0
0.78	0.4067035	0.3444233	0.913921	3.414488	-0.01899695	-0.09055611	1.889369	0.0964111	0
0.8	0.3046858	0.2761335	0.3094798	-3.414488	-0.008889599	-0.05249993	1.780349	0.02007521	0
0.82	0.3467052	0.3444233	0.4542431	3.414488	0.03598106	0.002794463	0.3888052	-0.02572591	0
0.84	0.3906945	0.3444233	0.6245831	0	0.003488809	-0.03510703	1.004847	-0.01045873	0
0.86	0.3924769	0.3444233	0.5665187	0	-0.02054059	-0.06919756	1.707649	-0.04099309	0
0.88	0.3287534	0.2761335	0.21251	-3.414488	-0.04559894	-0.1116146	2.713692	-0.05626069	0
0.9	0.2795827	0.2761335	-0.0564012	0	0.002832064	-0.04968679	1.622085	-0.05626069	0
0.92	0.2938641	0.2761335	0.03201829	0	0.01456018	-0.03346385	1.169234	0.02007521	0
0.94	0.4345484	0.4127131	0.6976462	6.828976	0.03030071	-0.01313926	0.4156562	-0.01045873	0
0.96	0.3782443	0.3444233	0.3535652	-3.414488	0.005772173	-0.01716563	0.8896108	0.004808453	0
0.98	0.2819811	0.2761335	-0.1448074	-3.414488	0.0118707	-0.002790388	0.6595643	0.03534281	0
1	0.2790563	0.2761335	-0.1305873	0	0.01806126	0.0001610307	0.3179352	0.02007521	0
1.02	0.3594959	0.3444233	0.2777936	3.414488	0.01373613	-0.008655909	0.2126947	0.05060999	0
1.04	-1.144653	-1.08966	-6.779958	-71.70415	-0.1015432	-0.02551606	4.432628	0.004808453	0
1.06	-1.1939	-1.02137	-6.054519	3.414488	0.04251859	-0.01803331	0.7986373	0.0964111	0
1.08	0.3334512	0.3444233	2.008725	68.28967	0.136095	-0.003151482	-3.43158	0.05060999	0
1.1	0.4999806	0.3444233	2.593006	0	-0.05518236	-0.08255302	1.199897	-0.01045873	0
1.12	0.444262	0.4127131	1.927036	3.414488	-0.02046688	-0.02579745	0.7123946	0.02007521	0
1.14	-1.068193	-1.02137	-5.436663	-71.70415	-0.1011739	-0.01420157	4.210597	-0.02572591	0
1.16	-1.168551	-1.02137	-5.147387	0	0.03033738	-0.02293035	1.013598	0.03534281	0
1.18	0.3398491	0.3444233	2.683513	68.28967	0.1376099	0.004338222	-3.507865	0.004808453	0
1.2	0.4479616	0.3444233	2.851402	0	0.01442408	0.04309299	-1.015698	0.03534281	0
1.22	0.4147553	0.3444233	2.289106	0	-0.03338365	-0.02196791	0.4149381	0.004808453	0
1.24	0.4092284	0.3444233	1.932781	0	-0.05449633	-0.07712834	1.457209	0.02007521	0
1.26	-0.9725493	-0.9530802	-4.813089	-64.87518	-0.1364274	-0.08910227	5.278699	-0.04099309	0
1.28	0.3636263	0.4127131	2.100867	68.28967	0.09491763	-0.07851239	-1.410116	0.05060999	0
1.3	0.453123	0.3444233	2.271826	-3.414488	-0.007418901	-0.03416935	0.8280698	0.03534281	0
1.32	-1.043973	-1.02137	-5.056695	-68.28967	-0.1055666	-0.03510487	4.731751	0.02007521	0
1.34	-1.16694	-1.02137	-4.933409	0	0.0397202	-0.01849788	1.145723	0.08114435	0
1.36	-1.138118	-1.08966	-4.028995	-3.414488	0.01850143	-0.04769163	1.299869	0.02007521	0
1.38	-1.025061	-1.02137	-2.852582	3.414488	-0.0232874	-0.115526	2.299194	-0.07152744	0
1.4	0.3356422	0.2761335	3.95716	64.87518	0.06316361	-0.1065288	-0.9268068	-0.02572591	0
1.42	0.4897041	0.3444233	4.147244	3.414488	-0.02535581	-0.06189996	1.189195	0.03534281	0
1.44	-0.9806259	-1.02137	-3.318976	-68.28967	-0.1487195	-0.1061699	6.081105	0.03534281	0
1.46	-1.13552	-1.02137	-3.61084	0	0.01906755	-0.06205826	2.241997	0.004808453	0
1.48	0.4707141	0.4127131	4.467513	71.70415	0.1211655	-0.0638373	-2.058617	-0.07152744	0
1.5	0.5758249	0.4127131	4.372032	0	-0.006694645	-0.0255475	0.7386789	0.02007521	0
1.52	-0.9363832	-0.9530802	-3.338062	-68.28967	-0.1106549	-0.03503323	4.84842	0.05060999	0
1.54	0.2726437	0.3444233	2.736844	64.87518	0.1548876	0.03555096	-3.116356	0.004808453	0
1.56	-1.056159	-1.08966	-3.814818	-71.70415	-0.05817127	0.05000547	2.713107	-0.02572591	0
1.58	0.2389006	0.2761335	2.770832	68.28967	0.123834	0.009546299	-3.156358	-0.01045873	0
1.6	-0.882769	-0.9530802	-2.805683	-61.46069	-0.1071682	-0.03171071	3.47931	-0.05626069	0
1.62	-1.060071	-0.9530802	-3.271228	0	0.008156788	-0.01774116	0.9411781	-0.02572591	0
1.64	0.4419299	0.4127131	4.246339	68.28967	0.1128728	-0.01502	-3.23761	-0.04099309	0
1.66	0.487097	0.3444233	3.89251	-3.414488	-0.02638363	-0.007545054	0.06809568	-0.01045873	0
1.68	0.456731	0.4127131	3.148605	3.414488	0.001873273	0.03013523	-0.4942536	0.02007521	0
1.7	0.3598619	0.2761335	2.249989	-6.828976	-0.05333483	-0.05693743	1.32541	0.02007521	0
1.72	0.3803122	0.3444233	1.996164	3.414488	-0.01899878	-0.03762452	0.7872296	0.03534281	0
1.74	0.3399942	0.2761335	1.527952	-3.414488	-0.04226111	-0.07571705	1.746659	0.004808453	0
1.76	0.2979003	0.2761335	1.092897	0	-0.006011772	-0.03232384	1.040261	0.05060999	0
1.78	-1.006347	-0.9530802	-5.171996	-61.46069	-0.06382221	0.003646608	3.541117	-0.04099309	0
1.8	-1.167296	-1.02137	-5.19832	-3.414488	0.05076134	0.01551638	0.5279086	0.06587717	0
1.82	-1.032673	-0.9530802	-3.780165	3.414488	0.06240785	0.02718	-0.5153959	-0.01045873	0
1.84	-1.073392	-1.02137	-3.382719	-3.414488	0.02818897	0.01868907	-0.1050617	0.06587717	0
1.86	-1.054805	-1.02137	-2.767998	0	-0.00407232	-0.03145298	0.5762652	-0.05626069	0
1.88	-1.073686	-1.02137	-2.446041	0	0.008440997	-0.006303095	0.1906351	0.004808453	0
1.9	-1.050301	-1.02137	-1.961103	0	-0.002571223	-0.0240605	0.409512	0.004808453	0
1.92	-0.9903968	-0.9530802	-1.393209	3.414488	0.01595689	0.004170994	-0.2083682	0.05060999	0
1.94	0.3195637	0.2761335	4.941717	61.46069	0.09650399	0.01525449	-3.564978	0.02007521	0
1.96	-0.8665296	-0.9530802	-1.278282	-61.46069	-0.123729	-0.01586851	3.085575	0.06587717	0
1.98	0.3399208	0.3444233	4.496764	64.87518	0.06961794	-0.03466395	-2.381393	0.05060999	0
2	0.5649272	0.4127131	4.934882	3.414488	-0.03568957	-0.04126508	0.2075531	-0.01045873	0
2.02	0.5075306	0.4127131	3.931192	0	-0.04675981	-0.04453683	1.011538	0.05060999	0
2.04	0.4629402	0.4127131	3.115446	0	-0.008080956	-0.002776412	0.3201203	0.03534281	0
2.06	-1.055243	-1.02137	-4.455277	-71.70415	-0.08738312	0.01680131	3.664881	0.03534281	0
2.08	-1.120623	-1.02137	-4.125813	0	0.001139604	-0.06443641	1.689815	0.02007521	0
2.1	-0.971387	-0.9530802	-2.779657	3.414488	-0.01274778	-0.103313	1.962792	-0.02572591	0
2.12	-1.048943	-1.02137	-2.712211	-3.414488	-0.009983204	-0.07146197	1.970626	-0.01045873	0
2.14	-1.025886	-1.02137	-2.172174	0	-0.02051867	-0.10178	2.323039	-0.01045873	0
2.16	-1.035773	-1.02137	-1.881245	0	-0.004702413	-0.0753618	1.964679	0.05060999	0
2.18	-0.9687399	-0.9530802	-1.278323	3.414488	0.02151252	-0.03772672	1.08201	0.03534281	0
2.2	-1.035921	-1.02137	-1.389431	-3.414488	0.02460461	-0.00508922	0.7433738	-0.04099309	0
2.22	-0.9685252	-0.9530802	-0.858402	3.414488	0.03675608	0.009926469	0.02812368	0.03534281	0
2.24	-1.022838	-1.02137	-0.9654559	-3.414488	0.01370742	0.001207665	0.38021	-0.07152744	0
2.26	-0.976961	-0.9530802	-0.6108292	3.414488	0.03511385	0.02985931	-0.4872811	0.02007521	0
2.28	-1.016295	-1.02137	-0.6841168	-3.414488	0.001121361	-0.002565734	0.2384566	-0.01045873	0
2.3	-1.04075	-1.02137	-0.7004602	0	0.01136922	0.01143456	-0.09979963	0.03534281	0
2.32	-0.9520798	-0.9530802	-0.173065	3.414488	0.004406419	-0.007872698	-0.04757833	0.004808453	0
2.34	0.3451898	0.2761335	5.921666	61.46069	0.08197258	-0.00271427	-3.171944	0.03534281	0
2.36	-0.8468806	-0.9530802	-0.4733797	-61.46069	-0.1337184	-0.03322922	3.492735	-0.02572591	0
2.38	0.3616294	0.4127131	5.146342	68.28967	0.1413526	0.07994743	-4.462358	-0.04099309	0
2.4	0.5958199	0.4127131	5.557958	0	-0.02758478	-0.005950365	-0.5708253	-0.07152744	0
2.42	-1.017118	-1.02137	-2.823849	-71.70415	-0.130105	0.003553729	3.812147	0.004808453	0
2.44	-1.139554	-1.02137	-3.044361	0	0.01193492	-0.01299938	0.6386933	-0.02572591	0
2.46	-1.126613	-1.08966	-2.516168	-3.414488	0.005334754	-0.02833959	0.6674093	-0.01045873	0
2.48	-1.083733	-1.02137	-1.953673	3.414488	0.04503443	0.03949951	-0.7109905	0.004808453	0
2.5	-1.052574	-1.02137	-1.506665	0	0.03029932	0.03669475	-0.7430652	0.03534281	0
2.52	-1.069583	-1.02137	-1.370194	0	0.03885022	0.06807235	-1.326906	0.02007521	0
2.54	0.342823	0.2761335	5.457088	64.87518	0.08260489	0.003161144	-3.782031	-0.08679462	0
2.56	0.5212833	0.3444233	5.544076	3.414488	-0.06563313	-0.04623607	0.09695721	-0.02572591	0
2.58	0.3904731	0.3444233	4.061161	0	-0.01652849	0.03901064	-0.6412238	-0.07152744	0
2.6	-1.030593	-1.02137	-3.19617	-68.28967	-0.1119914	0.00515759	3.295322	0.172747	0
2.62	-1.122284	-1.02137	-3.198184	0	-0.00514257	-0.04053546	1.038369	-0.117329	0
2.64	-1.087507	-1.02137	-2.567794	0	0.0308186	0.009765038	-0.1211772	-0.04099309	0
2.66	-0.9856505	-1.02137	-1.649208	0	-0.05679005	-0.1280145	2.25552	-0.3463367	0
2.68	0.6144617	0.4810038	6.122165	75.11868	-0.003758423	-0.2174102	0.3487203	0.218549	0
2.7	-0.1227938	-0.3384733	1.864748	-40.97385	-0.2184259	-0.2830508	7.595953	0.06587717	0
2.72	0.5083631	0.3444233	4.563823	34.14483	-0.1431329	-0.4098543	7.075587	-0.04099309	0
2.74	0.981291	0.6858721	6.200386	17.07244	-0.1984717	-0.5131119	10.00178	0.06587717	0
2.76	0.5272059	0.9590311	2.748774	13.65795	0.5962826	0.8580846	-13.05466	0.2338161	0
2.78	1.052244	0.9590311	4.922579	0	0.3490973	0.5695047	-11.51227	0.2490829	0
2.8	1.204785	1.23219	4.883825	13.65795	0.2770813	0.6080676	-12.70661	0.05060999	0
2.82	1.473286	1.573638	5.323616	17.07239	0.2828346	0.6937014	-15.6155	-0.4379398	0
2.84	2.102998	1.915086	7.572272	17.07239	-0.06074152	0.1748157	-7.599117	0.2032814	0
2.86	1.312022	1.300479	2.676183	-30.73034	-0.1645636	0.1201721	-3.00273	0.1880146	0
2.88	1.790966	1.573638	4.586355	13.65795	-0.3673869	-0.4487197	5.078153	0.02007521	0
2.9	3.233975	3.21259	10.48155	81.94762	-0.009081468	-0.08170696	-3.10622	0.7987013	0
2.92	2.855648	2.666272	7.16499	-27.3159	-0.1217571	-0.03105852	0.926738	-0.4074054	0
2.94	3.403719	3.21259	8.660417	27.3159	-0.1091662	-0.1747969	1.621191	0.03534281	0
2.96	3.709299	3.554038	8.766616	17.07239	-0.03829669	-0.05893713	0.4431109	0.06587717	0
2.98	4.467927	4.168647	11.07255	30.73044	-0.1041637	-0.2254266	2.654946	0.02007521	0
3	4.110243	3.895488	7.755518	-13.65795	-0.116798	-0.1524808	4.381815	0.2948849	0
3.02	4.65827	4.510095	9.125984	30.73034	0.0292368	-0.06092613	0.7050678	0.0964111	0
3.04	4.341054	4.168647	6.307443	-17.07239	-0.008169765	-0.003733695	1.795377	-0.1325962	0
3.06	3.405825	3.554038	0.8442206	-30.73044	0.2224248	0.4305587	-4.971993	-0.2700008	0
3.08	4.461036	4.441804	5.659406	44.38829	0.2524485	0.328478	-8.680238	0.3559532	0
3.1	4.210352	4.168647	3.66112	-13.65786	0.118441	0.3574384	-6.744822	0.1880146	0
3.12	3.916183	3.895488	1.74292	-13.65795	-9.976327e-05	0.1849208	-3.906926	-0.3005351	0
3.14	4.752335	4.783254	5.317831	44.38829	0.1029439	0.2177189	-7.450584	0.1422131	0
3.16	4.596872	4.510095	3.8189	-13.65795	-0.05588137	0.1144005	-3.199837	-0.117329	0
3.18	4.53471	4.510095	2.919937	0	-0.07528612	0.03347437	-1.831927	0.1574803	0
3.2	5.536392	5.466149	7.129085	47.80273	-0.005988736	0.001522707	-3.6187	0.1422131	0
3.22	5.21704	5.124701	4.559894	-17.07239	-0.07679857	0.04580947	-0.9929304	-0.04099309	0
3.24	5.200772	5.19299	3.7381	3.41444	-0.01004355	0.07955398	-2.205458	0.0964111	0
3.26	5.129385	5.124701	2.804327	-3.41444	0.01149367	0.1153478	-2.652153	0.03534281	0
3.28	4.858037	4.851542	1.099442	-13.65795	-0.02363373	0.07632925	-1.435767	0.004808453	0
3.3	4.700369	4.783254	0.127369	-3.41444	0.05086821	0.168184	-3.420224	0.004808453	0
3.32	5.201346	5.19299	2.446356	20.48683	0.03898107	0.09235894	-3.736999	0.06587717	0
3.34	5.168479	5.124701	1.937159	-3.41444	-0.03998755	0.0406147	-1.514273	0.004808453	0
3.36	5.097631	5.124701	1.268605	0	-0.005097426	0.08072387	-2.09778	0.004808453	0
3.38	5.154386	5.19299	1.298637	3.41444	0.03387489	0.1269596	-3.237885	-0.01045873	0
3.4	5.189526	5.19299	1.255991	0	0.005682958	0.09407607	-2.626869	-0.01045873	0
3.42	5.142169	5.124701	0.8468346	-3.41444	-0.04688688	0.01334506	-0.916724	-0.07152744	0
3.44	5.122658	5.124701	0.6088688	0	-0.04704119	-0.01258949	-0.3653408	-0.02572591	0
3.46	5.023442	5.056413	0.01780935	-3.41444	-0.01425063	0.03190449	-0.8360208	-0.05626069	0
3.48	5.450198	5.466149	1.980325	20.48683	0.04296333	0.06404892	-2.677421	-0.02572591	0
3.5	5.508164	5.466149	1.96728	0	-0.01114177	0.04007722	-1.361802	0.004808453	0
3.52	5.145732	5.124701	-0.0190155	-17.07239	-0.06754287	-0.01716052	0.773923	0.0964111	0
3.54	5.17295	5.19299	0.08292703	3.41444	-0.02490847	-0.02504738	0.1154262	0.004808453	0
3.56	5.043003	5.056413	-0.5475571	-6.82888	-0.02124755	-0.00863393	0.3270129	-0.05626069	0
3.58	5.105663	5.124701	-0.1860418	3.41444	0.004396104	0.00287655	-0.3011099	0.08114435	0
3.6	5.111135	5.124701	-0.1393085	0	0.01138395	0.02518405	-0.5663928	-0.01045873	0
3.62	5.168706	5.19299	0.1353314	3.41444	0.03359627	0.06107301	-1.406961	0.05060999	0
3.64	5.200235	5.19299	0.2714043	0	0.003671656	0.02754048	-0.7960278	0.02007521	0
3.66	5.176104	5.19299	0.1044284	0	0.01081725	0.04541013	-1.026927	-0.01045873	0
3.68	5.460613	5.466149	1.40542	13.65795	0.03542854	0.05628738	-2.030817	0.004808453	0
3.7	5.081688	5.056413	-0.554472	-20.48683	-0.05363879	-0.002297338	0.6596854	0.06587717	0
3.72	4.987034	5.056413	-0.9633812	0	0.01899929	0.05471292	-1.04404	-0.01045873	0
3.74	5.119237	5.124701	-0.1946527	3.41444	0.0008189678	0.007390665	-0.7163456	0.03534281	0
3.76	5.028871	5.056413	-0.6016226	-3.41444	0.003912203	0.03917079	-0.7630854	0.02007521	0
3.78	5.213127	5.19299	0.3652042	6.82888	-0.02502385	-0.0398645	0.03932571	0.05060999	0
3.8	5.065189	5.056413	-0.3786996	-6.82888	-0.04578665	-0.04454917	1.039908	-0.02572591	0
3.82	5.415629	5.466149	1.263335	20.48683	0.07226446	0.07880744	-2.408517	-0.01045873	0
3.84	5.130949	5.124701	-0.242664	-17.07239	0.007475435	0.07745969	-0.9205941	0.0964111	0
3.86	5.098358	5.124701	-0.3717432	0	0.0113707	0.04775007	-1.08693	-0.02572591	0
3.88	5.178316	5.19299	0.05106597	3.41444	0.009472133	0.03526002	-1.161799	-0.04099309	0
3.9	5.176429	5.19299	0.02423489	0	0.007008376	0.0445352	-1.153377	-0.01045873	0
3.92	5.134106	5.124701	-0.167979	-3.41444	-0.03223889	-0.01550386	0.06674728	0.004808453	0
3.94	5.14849	5.19299	-0.1118308	3.41444	0.02082652	0.05242072	-1.279118	0.004808453	0
3.96	5.167117	5.19299	-0.02153391	0	0.02632429	0.07060447	-1.653586	-0.05626069	0
3.98	5.19889	5.19299	0.1386413	0	-0.01025671	0.01702435	-0.7483357	0.03534281	0
4	5.108745	5.124701	-0.3151523	-3.41444	-0.01454017	0.01750996	-0.4379999	0.02007521	0
4.02	5.177395	5.19299	0.04033647	3.41444	-0.002576962	0.01215118	-0.6848171	0.004808453	0
4.04	5.058691	5.056413	-0.515672	-6.82888	-0.03326808	-0.01828629	0.3911981	0.02007521	0
4.06	5.024883	5.056413	-0.6179234	0	-0.002926392	0.006906994	-0.2120207	-0.01045873	0
4.08	5.113265	5.124701	-0.1167798	3.41444	0.004559485	0.005966939	-0.4601634	0.02007521	0
4.1	5.214799	5.19299	0.3893234	3.41444	-0.02044351	-0.03293351	0.2464519	0.02007521	0
4.12	5.198046	5.19299	0.2482709	0	-0.01535757	-0.01756831	0.3103848	0.05060999	0
4.14	5.182875	5.19299	0.1276429	0	0.006418077	0.01283259	-0.2134721	-0.01045873	0
4.16	5.185853	5.19299	0.1170549	0	0.01385455	0.02595764	-0.5129106	0.02007521	0
4.18	5.184968	5.19299	0.09108625	0	0.0156476	0.03436079	-0.7037557	0.06587717	0
4.2	5.220401	5.19299	0.2631299	0	-0.0249156	-0.03224752	0.4167942	0.004808453	0
4.22	5.196189	5.19299	0.1056823	0	-0.01785312	-0.02390796	0.4640142	-0.05626069	0
4.24	5.074003	5.056413	-0.4692251	-6.82888	-0.04301865	-0.06224947	1.501005	-0.02572591	0
4.26	5.143151	5.124701	-0.06809022	3.41444	-0.03646268	-0.0906371	1.678998	-0.01045873	0
4.28	5.145006	5.124701	-0.0413037	0	-0.02852602	-0.0797083	1.773708	0.03534281	0
4.3	5.218862	5.19299	0.3205992	3.41444	-0.01563993	-0.07426871	1.589522	-0.05626069	0
4.32	5.137175	5.124701	-0.1043571	-3.41444	-0.002362442	-0.03723375	1.336495	0.02007521	0
4.34	5.14293	5.124701	-0.04840488	0	0.0009378083	-0.04239685	1.218012	0.02007521	0
4.36	5.147088	5.124701	-0.005321681	0	-0.002131511	-0.04549956	1.270424	0.02007521	0
4.38	5.132629	5.124701	-0.06634817	0	0.0117875	-0.01982623	0.8250385	0.03534281	0
4.4	5.10848	5.124701	-0.1767749	0	0.04329068	0.03931748	-0.3119344	0.02007521	0
4.42	5.209405	5.19299	0.3399781	3.41444	0.02637137	0.01429951	-0.2828591	0.004808453	0
4.44	5.20744	5.19299	0.2912952	0	0.01039844	0.01004551	-0.04857367	-0.01045873	0
4.46	5.133374	5.124701	-0.09115902	-3.41444	-0.00417422	-0.003851363	0.3408661	-0.04099309	0
4.48	5.028706	5.056413	-0.5822821	-3.41444	0.02066466	0.03692685	-0.3620085	-0.05626069	0
4.5	5.123009	5.124701	-0.04793435	3.41444	0.01495467	0.01194464	-0.4441724	-0.07152744	0
4.52	5.150442	5.124701	0.1081487	0	-0.02241661	-0.03573041	0.5782006	-0.05626069	0
4.54	5.104075	5.124701	-0.1433385	0	0.01036801	0.01825392	-0.2123789	-0.01045873	0
4.56	5.200083	5.19299	0.3321788	3.41444	0.006741019	0.0008792179	-0.250357	-0.05626069	0
4.58	5.114976	5.124701	-0.121792	-3.41444	0.009727971	0.02988429	-0.3673632	0.02007521	0
4.6	5.068507	5.056413	-0.3072102	-3.41444	-0.02070169	-0.02420247	0.5235544	0.02007521	0
4.62	5.123456	5.124701	-0.007632989	3.41444	-0.00833843	-0.02404049	0.3114109	-0.01045873	0
4.64	5.184926	5.19299	0.2713894	3.41444	0.01525489	0.01415391	-0.384558	-0.02572591	0
4.66	5.129443	5.124701	-0.02347488	-3.41444	0.0006291762	0.01013794	-0.04581316	0.004808453	0
4.68	5.192353	5.19299	0.271791	3.41444	0.00798959	0.007728729	-0.3149102	0.004808453	0
4.7	5.150257	5.124701	0.05221441	-3.41444	-0.02855696	-0.03755742	0.7889624	0.004808453	0
4.72	5.045016	5.056413	-0.4580012	-3.41444	-0.01135914	-0.01486764	0.5806168	0.05060999	0
4.74	5.14075	5.124701	0.06914636	3.41444	-0.01669591	-0.05088413	0.806825	0.004808453	0
4.76	5.192641	5.19299	0.2951404	3.41444	0.007958584	-0.007822135	0.1592953	-0.07152744	0
4.78	5.106661	5.124701	-0.1625173	-3.41444	0.02822887	0.04632453	-0.5297139	0.004808453	0
4.8	5.127562	5.124701	-0.03176557	0	0.01336403	0.01851265	-0.3596528	0.004808453	0
4.82	5.043584	5.056413	-0.4225846	-3.41444	0.01021513	0.02900357	-0.3544829	-0.01045873	0
4.84	5.015641	5.056413	-0.5106812	0	0.03950684	0.07315908	-1.374623	-0.05626069	0
4.86	5.189539	5.19299	0.3837432	6.82888	0.02733908	0.04554408	-1.465107	0.004808453	0
4.88	5.102113	5.124701	-0.09434707	-3.41444	0.02231059	0.07807581	-1.515808	-0.01045873	0
4.9	5.165015	5.19299	0.1972931	3.41444	0.031619	0.08170741	-2.041685	0.03534281	0
4.92	5.084898	5.124701	-0.2280851	-3.41444	0.03268319	0.1106673	-2.321584	-0.01045873	0
4.94	5.051343	5.056413	-0.3440365	-3.41444	-0.01683213	0.03061076	-1.027778	0.08114435	0
4.96	4.987256	4.988122	-0.5896186	-3.414536	-0.05190833	-0.0350355	0.3202539	-0.01045873	0
4.98	5.143764	5.124701	0.2348607	6.828976	-0.06116209	-0.0960253	1.083997	0.004808453	0
5	5.125605	5.124701	0.1013339	0	-0.03783171	-0.05596732	0.9846948	0.004808453	0
5.02	5.097365	5.124701	-0.07272545	0	0.0133142	0.01801217	-0.2416658	0.06587717	0
5.04	5.197344	5.19299	0.4084445	3.41444	0.01441959	0.01245062	-0.4618673	0.004808453	0
5.06	5.111733	5.124701	-0.06096695	-3.41444	0.0186509	0.04693819	-0.6944119	-0.05626069	0
5.08	5.089293	5.124701	-0.1765322	0	0.043171	0.08517027	-1.644201	0.06587717	0
5.1	5.16153	5.19299	0.1733186	3.41444	0.05352461	0.1074438	-2.429612	0.004808453	0
5.12	5.180303	5.19299	0.2339269	0	0.0263072	0.08765664	-2.085458	-0.02572591	0
5.14	5.071155	5.056413	-0.2945784	-6.82888	-0.0420054	-0.006083392	-0.0928725	0.004808453	0
5.16	5.008521	5.056413	-0.579521	0	-0.0005884729	0.03643703	-0.9245471	0.02007521	0
5.18	5.02045	5.056413	-0.4560382	0	0.01322325	0.05095211	-1.342792	0.004808453	0
5.2	5.094415	5.124701	-0.05805053	3.41444	0.02240308	0.06466749	-1.780059	-0.02572591	0
5.22	5.11874	5.124701	0.06434166	0	-0.004178836	0.03477951	-1.143113	-0.01045873	0
5.24	5.123926	5.124701	0.07663276	0	-0.02406433	0.0003863871	-0.4390035	-0.01045873	0
5.26	5.124366	5.124701	0.06133857	0	-0.03073747	-0.02042295	0.04387403	-0.02572591	0
5.28	5.101097	5.124701	-0.07917977	0	-0.003122484	0.01660433	-0.4904127	-0.01045873	0
5.3	5.136746	5.124701	0.1068549	0	-0.0245752	-0.02656865	0.2188166	0.02007521	0
5.32	5.132059	5.124701	0.06821959	0	-0.0273452	-0.0358049	0.5686593	0.03534281	0
5.34	5.176805	5.19299	0.2479701	3.41444	0.01065727	0.01258866	-0.3777726	-0.02572591	0
5.36	5.12198	5.124701	-0.0462274	-3.41444	0.004721112	0.01973166	-0.2657965	-0.02572591	0
5.38	5.18857	5.19299	0.2679167	3.41444	0.01220992	0.0189562	-0.5791362	0.004808453	0
5.4	5.128934	5.124701	-0.04660499	-3.41444	-0.006299664	0.007540603	-0.07733408	0.004808453	0
5.42	5.145765	5.124701	0.0526216	0	-0.03203253	-0.04865616	0.8001024	0.004808453	0
5.44	5.110719	5.124701	-0.1345795	0	-0.002550925	-0.005636914	0.2059772	0.004808453	0
5.46	5.148242	5.124701	0.07731652	0	-0.02485088	-0.05103419	0.9159866	0.004808453	0
5.48	5.129969	5.124701	-0.02108416	0	-0.01353082	-0.03445177	0.8096353	0.004808453	0
5.5	5.150035	5.124701	0.09061857	0	-0.02569805	-0.06316036	1.30987	-0.01045873	0
5.52	5.182919	5.19299	0.2163595	3.41444	0.01874769	0.001524664	0.1275318	-0.04099309	0
5.54	5.041979	5.056413	-0.4788348	-6.82888	0.02534977	0.04099236	-0.2179756	0.02007521	0
5.56	5.136683	5.124701	0.05122737	3.41444	0.008352313	-0.006897034	0.004316449	-0.01045873	0
5.58	5.108006	5.124701	-0.1002073	0	0.02596212	0.04083266	-0.6300132	-0.02572591	0
5.6	5.134748	5.124701	0.05219737	0	0.002533602	0.00478516	-0.1635072	0.05060999	0
5.62	5.426957	5.466149	1.371974	17.07239	0.08474161	0.1145449	-2.931757	0.02007521	0
5.64	5.232144	5.19299	0.2909193	-13.65795	-0.01629556	0.03746274	-0.4565006	0.004808453	0
5.66	5.178382	5.19299	-0.01895563	0	-0.008453967	0.01844263	-0.4892553	-0.01045873	0
5.68	5.115963	5.124701	-0.3132377	-3.41444	-0.01609083	0.001745512	-0.1135608	0.004808453	0
5.7	5.106186	5.124701	-0.3241867	0	-0.004078921	0.008179709	-0.316543	0.004808453	0
5.72	5.052763	5.056413	-0.522979	-3.41444	-0.01979726	-0.0147872	0.2565458	0.05060999	0
5.74	5.022518	5.056413	-0.6065619	0	0.01099363	0.02524033	-0.504127	-0.02572591	0
5.76	5.020005	5.056413	-0.5437427	0	0.0313283	0.06085977	-1.258479	0.02007521	0
5.78	5.055241	5.056413	-0.2871411	0	0.0003665192	0.01672831	-0.6024088	0.05060999	0
