0	-0.9863485	-0.9530802	-4.598495	-14.2962	-0.08566026	-0.03830103	3.185365	-0.04122403	0
0.02	-1.16811	-1.08966	-4.095263	-8.746529	0.02279213	-0.009312557	0.3981084	0.004577507	0
0.04	-1.055876	-1.02137	-2.476769	-3.568757	0.001045978	-0.02566785	0.5065992	0.01984469	0
0.06	-1.056439	-1.02137	-1.739396	-1.441387	0.005777392	-0.02391239	0.366982	0.01984469	0
0.08	-0.9687827	-0.9530802	-0.8947961	0.01076301	0.0125535	0.01101371	-0.2113664	0.03511187	0
0.1	-1.119963	-1.08966	-1.352753	-2.043419	0.009836434	0.03587146	-0.4103866	-0.07175839	0
0.12	-1.013414	-1.02137	-0.5659471	-0.5915368	-0.02187335	-0.01623119	0.2164471	0.004577507	0
0.14	-1.043115	-1.02137	-0.5106462	0.01745093	-0.01079914	-0.03709559	0.6536969	-0.02595685	0
0.16	-0.9789391	-1.02137	-0.09402683	-0.298753	-0.03952789	-0.06982234	1.415307	0.004577507	0
0.18	-1.085857	-1.08966	-0.5363207	-1.170735	-0.01278082	-0.04034703	1.132423	0.004577507	0
0.2	-0.8974674	-0.9530802	0.4323529	0.8604246	-0.0410744	-0.09791835	2.019926	-0.02595685	0
0.22	-0.8752053	-0.8847904	0.5062503	1.753258	0.03168042	0.0009199593	-0.08847576	-0.02595685	0
0.24	-1.015212	-1.02137	-0.2318708	-0.8822923	-0.004010794	-0.01814885	0.812054	-0.04122403	0
0.26	-1.087521	-1.08966	-0.4942995	-1.45667	-0.002285173	-0.02044761	0.8030985	0.0809134	0
0.28	-1.021817	-1.02137	-0.09119996	0.003274357	0.01579408	0.007010204	0.07691649	0.01984469	0
0.3	-0.9292911	-0.9530802	0.3326681	0.7186469	-0.009641171	-0.02505998	0.5645887	0.004577507	0
0.32	-0.9375302	-0.9530802	0.2751112	0.6594409	-0.002558181	-0.02659337	0.4048048	-0.05649121	0
0.34	-1.022795	-1.02137	-0.1339938	-0.3939164	0.01343428	0.01480758	-0.2522824	0.01984469	0
0.36	-1.075477	-1.08966	-0.3272907	-1.217365	-0.02454008	-0.03521471	0.8087099	0.05037905	0
0.38	-0.9411828	-0.9530802	0.3527595	1.14488	-0.005417224	-0.03084264	0.5201795	-0.01068967	0
0.4	-1.106427	-1.08966	-0.478296	-1.180398	0.008597499	0.003774954	0.3891934	0.01984469	0
0.42	-1.001565	-1.02137	0.1089243	0.1386476	-0.0006449725	-0.01090487	0.2326687	-0.07175839	0
0.44	-0.9599478	-0.9530802	0.2703125	1.092284	0.01075057	-0.002179867	0.09848908	0.004577507	0
0.46	-1.106317	-1.08966	-0.5120177	-1.513474	0.006330984	0.01520713	0.3371549	0.01984469	0
0.48	-0.9017001	-0.9530802	0.5233274	0.6924828	-0.02516367	-0.045653	0.7168492	-0.01068967	0
0.5	-1.015418	-1.02137	-0.08093471	-0.3777259	-0.01900379	-0.0525196	1.210658	-0.02595685	0
0.52	-1.100352	-1.08966	-0.4059871	-0.9021281	0.01785128	0.001337967	0.2570028	-0.05649121	0
0.54	-1.000163	-1.02137	0.1419881	0.2749997	-0.002516786	-0.01707911	0.41909	0.03511187	0
0.56	-1.058063	-1.08966	-0.1742526	-1.1969	-0.02637556	-0.03380078	0.9218596	0.004577507	0
0.58	-0.939536	-0.9530802	0.452976	1.462212	-0.002283471	-0.03861761	0.5064412	-0.02595685	0
0.6	-0.9108417	-0.9530802	0.5338336	1.023788	-0.03541216	-0.09214339	1.761178	-0.01068967	0
0.62	0.4183974	0.3444233	6.600297	19.96421	0.09106299	-0.0393174	-2.053823	0.004577507	0
0.64	0.0210025	0.002975464	3.821065	10.49951	0.0651399	-0.03698518	-1.102551	0.03511187	0
0.66	-0.6498594	-0.6799221	-0.1069142	-3.562184	-0.001400271	0.04968205	-0.1499187	0.004577507	0
0.68	-0.553799	-0.6116323	-0.5595163	-6.867197	-0.05428818	0.1436121	-0.0001818836	0.004577507	0
0.7	0.02341903	0.002975464	2.610606	7.390707	0.03824785	-0.02408715	-2.7683	0.004577507	0
0.72	0.6180193	0.6175833	4.790477	14.06978	0.06327908	0.04883966	-3.259555	-0.02595685	0
0.74	-0.7914537	-0.6799221	-2.284668	-6.729615	0.02268828	0.05539221	-1.015053	-0.04122403	0
0.76	-0.7115633	-0.6799221	-1.330413	-3.297511	-0.004281521	0.01073457	-0.5075914	-0.02595685	0
0.78	-0.6832891	-0.6799221	-0.8271645	-1.61578	-0.03094441	-0.03943195	0.4352475	-0.02595685	0
0.8	-0.6832395	-0.6799221	-0.589173	-0.7917324	-0.01930226	-0.03342789	0.4881291	0.03511187	0
0.82	-0.6925151	-0.6799221	-0.5343035	-0.6952528	-0.01283468	-0.02612595	0.8612295	-0.04122403	0
0.84	-0.6630777	-0.6799221	-0.2416967	-0.3406738	-0.01952903	-0.05758658	1.261196	-0.01068967	0
0.86	-0.6565765	-0.6799221	-0.1149163	-0.1669302	-0.0161592	-0.05891406	1.338738	-0.04122403	0
0.88	-0.7164282	-0.6799221	-0.3715849	-0.08179579	0.0524581	0.05807287	-0.6548508	-0.02595685	0
0.9	-0.6560504	-0.6799221	0.0195325	-0.04007994	-0.01155979	-0.02636342	0.555527	0.004577507	0
0.92	-0.6510766	-0.6799221	0.1146395	0.2876605	-0.03695941	-0.09476034	1.786938	0.004577507	0
0.94	-0.6709433	-0.6799221	0.01008706	0.1409536	0.008372702	-0.02059371	0.7008131	-0.02595685	0
0.96	-0.6401919	-0.6799221	0.1893416	0.06906728	-0.01912111	-0.05736039	1.234344	0.004577507	0
0.98	-0.7025607	-0.6799221	-0.1544074	0.03384297	0.03080366	0.0206482	0.07276666	0.004577507	0
1	-0.7395578	-0.7482109	-0.2772344	-1.007749	0.0101042	0.01391567	0.005028576	0.03511187	0
1.02	-0.6799557	-0.6799221	0.03811585	0.2232355	0.006005784	0.006445227	-0.04770204	0.004577507	0
1.04	-0.6300084	-0.6799221	0.2951789	0.1093854	-0.04989557	-0.08958315	1.596022	0.01984469	0
1.06	-0.6647323	-0.6799221	0.03104998	-0.2537051	-0.01403399	-0.03933636	1.122005	0.03511187	0
1.08	-0.6630769	-0.6799221	0.04799202	-0.1243155	-0.004762652	-0.03703282	0.9688659	-0.02595685	0
1.1	-0.6488339	-0.6799221	0.1351018	-0.06091459	-0.01354421	-0.05017924	1.142171	-0.04122403	0
1.12	-0.6648012	-0.6799221	-0.14526	-1.259064	0.003661466	0.02777483	0.3338657	0.01984469	0
1.14	-0.6533737	-0.6799221	-0.02180023	-0.6169412	-0.02751936	-0.06423733	1.330337	0.004577507	0
1.16	-0.6573937	-0.6799221	0.003379747	-0.3023012	-0.006595964	-0.0346626	0.7516679	0.004577507	0
1.18	-0.7020357	-0.6799221	-0.2033925	-0.1481276	0.03570076	0.04382822	-0.5901108	-0.04122403	0
1.2	-0.678004	-0.6799221	-0.08400247	-0.3798864	0.01086226	0.03503576	-0.5504092	0.05037905	0
1.22	-0.7083132	-0.6799221	-0.2173424	-0.1861444	0.02136693	0.04770496	-0.9292918	0.05037905	0
1.24	-0.7021778	-0.6799221	-0.1570598	-0.09121074	0.014551	0.04340219	-0.9399071	-0.04122403	0
1.26	-0.6602082	-0.6799221	0.02774375	-0.3519972	-0.04174839	-0.04503372	0.8403406	-0.04122403	0
1.28	-0.6817272	-0.6799221	-0.06829394	-0.1724786	0.001524854	0.001903871	-0.1369752	-0.02595685	0
1.3	-0.6944795	-0.6799221	-0.1143044	-0.08451452	0.01695152	0.03591682	-0.7439101	-0.02595685	0
1.32	-0.6808588	-0.6799221	-0.02947594	-0.04141212	-0.01082173	-0.007795986	0.0725031	0.05037905	0
1.34	-0.6794641	-0.6799221	-0.01596585	-0.02029194	-0.005046713	-0.005299166	0.03576645	-0.04122403	0
1.36	-0.7195027	-0.6799221	-0.2203789	-0.009943048	0.04569145	0.08569013	-1.623863	-0.02595685	0
1.38	-0.7149017	-0.6799221	-0.176784	-0.004872094	0.03092501	0.08304629	-1.753988	0.004577507	0
1.4	-0.6855871	-0.6799221	-0.02144437	-0.002387326	-0.02457283	-0.01138792	-0.0191175	-0.02595685	0
1.42	-0.6828978	-0.6799221	-0.01635039	-0.00116979	-0.01482339	-0.01498466	0.1517505	0.03511187	0
1.44	-0.7052655	-0.6799221	-0.1376983	-0.000573197	0.02229601	0.04277232	-0.8080039	0.03511187	0
1.46	-0.6080391	-0.6116323	0.3436802	1.024065	0.00183872	0.009864675	-0.510457	-0.01068967	0
1.48	-0.684027	-0.6799221	-0.08083257	-0.2152504	-0.03037278	-0.05512732	1.216136	-0.01068967	0
1.5	-0.6971361	-0.6799221	-0.142439	-0.1054727	0.02199354	0.01501819	0.005237103	0.05037905	0
1.52	-0.677208	-0.6799221	-0.01585526	-0.05168161	0.007637175	0.001580138	0.133713	0.004577507	0
1.54	-0.6780418	-0.6799221	-0.00745089	-0.02532399	0.00799377	0.007925398	-0.09745837	0.01984469	0
1.56	0.7642863	0.6858721	6.734974	20.4745	0.08286519	-0.02229935	-3.038521	0.05037905	0
1.58	-0.3915308	-0.4067631	-0.5782737	-6.357021	-0.08038652	0.03957692	2.369052	-0.02595685	0
1.6	0.0518357	0.002975464	1.640916	2.723834	0.002349686	-0.05989559	0.2020159	-0.02595685	0
1.62	-1.479984	-1.362819	-5.52508	-16.0792	-0.04432542	-0.05634482	3.730244	-0.05649121	0
1.64	-1.93714	-1.704267	-6.735129	-16.07356	0.1926767	0.4125125	-4.543607	-0.02595685	0
1.66	-2.846598	-3.001771	-9.226329	-28.87513	-0.4312624	-0.5262793	13.06063	-1.674812	0
1.68	-5.008928	-4.845592	-16.51782	-41.49883	-0.2064561	-0.363446	12.19032	-1.751148	0
1.7	-5.979716	-5.460199	-16.47763	-28.32431	0.2549231	0.1250099	2.148725	0.3251879	0
1.72	-6.229932	-6.211386	-12.38368	-20.53715	-0.2120247	-0.7325479	15.64822	0.4778596	0
1.74	-7.690798	-7.50889	-14.69853	-23.9943	0.06395237	-0.3232245	9.116947	0.1419821	0
1.76	-7.262701	-7.167441	-8.270413	-5.406262	0.1702367	-0.1057932	2.544771	0.1572493	0
1.78	-8.319214	-8.191787	-10.06588	-13.4047	0.028871	-0.183463	5.185311	-0.08702557	0
1.8	-9.279753	-9.079553	-11.02972	-15.58254	0.07054648	-0.1251361	3.807623	0.004577507	0
1.82	-8.100465	-8.055207	-2.377208	8.037043	0.1207583	-0.09362924	0.04428244	0.01984469	0
1.84	-8.215847	-8.191787	-2.089963	2.81137	0.02910747	-0.04249201	1.554878	0.3709898	0
1.86	-8.346422	-8.396656	-2.821215	-6.305022	-0.09095742	-0.03909274	4.435577	0.05037905	0
1.88	-8.044331	-8.123497	-1.407665	-4.523541	-0.07227421	-0.04827879	3.651976	0.06564622	0
1.9	-8.181133	-8.191787	-1.50451	-2.933578	-0.00178989	-0.07948598	1.889477	0.004577507	0
1.92	-8.178262	-8.191787	-1.077181	-1.744757	-0.006656025	-0.06290745	1.86425	-0.05649121	0
1.94	-7.110387	-7.235731	3.575946	9.183654	-0.01846794	-0.04805448	1.233987	0.03511187	0
1.96	-8.168987	-8.191787	-2.354982	-10.14815	-0.08399379	-0.05042123	4.116263	0.004577507	0
1.98	-7.184282	-7.235731	2.968897	9.368242	0.07767128	-0.0563709	-1.057631	-0.01068967	0
2	-7.089262	-7.167441	2.611141	5.614785	-0.02311648	-0.06191834	1.509254	0.004577507	0
2.02	-8.15735	-8.123497	-2.388405	-7.28734	-0.01904087	-0.1135395	2.845999	-0.01068967	0
2.04	-8.190797	-8.191787	-1.859279	-4.595143	-0.001268685	-0.07712571	2.288254	0.004577507	0
2.06	-6.961005	-7.099152	3.730473	9.528354	-0.01445692	-0.06185671	1.387019	-0.05649121	0
2.08	-8.277242	-8.191787	-2.69378	-7.11108	0.0372089	-0.008914618	1.262757	-0.04122403	0
2.1	-7.206938	-7.235731	3.043049	10.85641	0.1031246	0.009958369	-2.21671	0.03511187	0
2.12	-7.137535	-7.235731	2.502149	5.012335	-0.05351765	-0.06851248	1.627377	-0.01068967	0
2.14	-7.18474	-7.167441	2.24323	7.475338	0.07612516	-0.04313767	-1.136121	-0.01068967	0
2.16	-7.168131	-7.235731	1.725185	2.945873	-0.04310954	-0.09195276	2.259743	-0.02595685	0
2.18	-7.013311	-7.099152	1.978682	3.184866	-0.02640195	-0.09605096	2.038712	0.03511187	0
2.2	-7.204333	-7.235731	0.6268893	-0.1808044	0.0008458626	-0.0435036	1.655428	-0.01068967	0
2.22	-7.113267	-7.167441	0.8627139	0.6284483	-0.01580933	-0.08099097	2.158947	0.004577507	0
2.24	-7.090919	-7.167441	0.7918791	0.3079396	-0.04195073	-0.1363084	3.187725	-0.04122403	0
2.26	-7.236098	-7.235731	-0.01553345	-0.566152	0.04882807	0.009418312	0.6102287	0.004577507	0
2.28	-7.046103	-7.099152	0.8619812	1.463974	-0.002471857	-0.05471694	1.341378	-0.05649121	0
2.3	-7.158971	-7.167441	0.1629653	0.000304997	0.006729464	-0.03921711	1.417446	-0.02595685	0
2.32	-7.114143	-7.167441	0.3574973	0.0001494485	-0.030533	-0.1064432	2.563863	0.004577507	0
2.34	-7.144006	-7.167441	0.1500093	7.322976e-05	0.0006042607	-0.07026639	2.128166	0.01984469	0
2.36	-8.165427	-8.123497	-4.653943	-14.3408	-0.03912823	-0.02654104	3.857796	0.01984469	0
2.38	-8.088161	-8.123497	-3.607338	-11.32924	-0.04687328	-0.0172085	2.983824	0.05037905	0
2.4	-7.069615	-7.167441	1.693925	5.101864	-0.003673032	-0.04781773	0.4148934	0.06564622	0
2.42	-7.291734	-7.235731	0.9356686	6.085122	0.07440676	-0.05269119	-0.7917554	0.004577507	0
2.44	-7.129051	-7.167441	1.393807	4.006056	0.0001877034	-0.02636589	0.8022615	-0.04122403	0
2.46	-8.207383	-8.123497	-3.335926	-8.075617	0.02969243	-0.01048801	0.6471319	-0.02595685	0
2.48	-8.105154	-8.123497	-1.907828	-3.957052	-0.0413737	-0.1139676	2.272801	0.05037905	0
2.5	-8.138208	-8.123497	-1.45276	-1.631652	-0.005117472	-0.08040923	1.829449	-0.05649121	0
2.52	-8.179081	-8.191787	-1.160122	-1.516552	-0.009758648	-0.076915	1.88782	0.004577507	0
2.54	-8.112463	-8.123497	-0.537445	-0.02606785	0.01123308	-0.03140393	1.009991	0.004577507	0
2.56	-8.122906	-8.123497	-0.4272926	-0.01277325	0.002610382	-0.04206254	1.357958	0.004577507	0
2.58	-8.035618	-8.055207	0.1666755	1.325391	0.007422287	-0.05271737	1.109841	0.004577507	0
2.6	-7.099936	-7.167441	4.614858	14.58054	0.06430851	-0.05693837	-1.104371	-0.01068967	0
2.62	-8.122416	-8.055207	-0.8011343	-1.869775	0.04304424	0.02061242	0.3156704	0.09618058	0
2.64	-8.096679	-8.123497	-0.4180607	-1.633232	-0.01575069	-0.06408326	1.54683	-0.01068967	0
2.66	-8.019867	-8.123497	-0.6135042	-5.409838	-0.1154405	-0.07682057	4.221984	-0.07175839	0
2.68	-8.13419	-8.123497	-0.9035795	-2.65082	0.02366403	-0.02789404	0.9781297	0.01984469	0
2.7	-8.110441	-8.123497	-0.4843549	-0.9915981	-0.01311871	-0.08993603	2.179756	0.004577507	0
2.72	-8.133299	-8.191787	-0.4056635	-1.510229	-0.05111064	-0.1491576	3.577584	-0.04122403	0
2.74	-8.074971	-8.123497	-0.011774	-0.0229699	-0.02639285	-0.1393434	3.551231	-0.04122403	0
2.76	-8.159089	-8.191787	-0.3469273	-1.035602	0.01103484	-0.06988472	2.45692	-0.02595685	0
2.78	-8.07251	-8.123497	0.1081332	-0.09770626	-0.009114686	-0.0906527	2.799577	0.05037905	0
2.8	-8.174283	-8.191787	-0.3035476	-0.7649185	0.01924247	-0.05527353	1.982222	-0.02595685	0
2.82	-8.076187	-8.123497	0.2364889	0.3422324	-0.0006272793	-0.07208562	2.098785	-0.04122403	0
2.84	-8.13177	-8.123497	0.03644319	0.7823017	0.05359509	0.006184649	0.3117256	0.01984469	0
2.86	-8.030196	-8.055207	0.5084544	1.407674	0.01127424	-0.0304352	0.9723512	-0.02595685	0
2.88	-8.094482	-8.123497	0.1445952	-0.02728208	-0.01010036	-0.05945254	1.580764	0.004577507	0
2.9	-8.137708	-8.123497	-0.09016902	-0.01336822	0.04328067	0.03288427	-0.1073852	-0.05649121	0
2.92	-8.098741	-8.123497	0.1288573	-0.006550428	-0.007547654	-0.03398402	0.8986713	0.05037905	0
2.94	-8.138413	-8.123497	-0.09062519	-0.00320971	0.02742694	0.0223659	-0.07893816	-0.01068967	0
2.96	-8.124827	-8.123497	-0.01187977	-0.001572758	0.01089371	0.005346666	0.1273972	0.004577507	0
2.98	-8.124331	-8.123497	-0.0098684	-0.0007706512	0.005293015	-0.002742097	0.235446	0.01984469	0
3	-7.120299	-7.167441	4.678043	14.34046	0.07299994	0.002021367	-2.340937	0.004577507	0
3.02	-8.358884	-8.396656	-2.411684	-11.4114	-0.1462217	-0.08074498	4.912356	0.01984469	0
3.04	-8.768726	-8.806395	-4.252135	-16.03991	-0.105749	-0.04597525	4.291741	-0.05649121	0
3.06	-7.71166	-7.782049	1.233629	2.896075	0.006994054	-0.01827645	0.3271874	-0.08702557	0
3.08	-7.856586	-7.782049	-0.2244181	-1.039352	0.08718098	0.2257289	-2.29149	-0.1022927	0
3.1	-7.056593	-7.167441	3.349593	7.17331	-0.02771728	-0.02978656	-0.7168596	-0.02595685	0
3.12	-5.294393	-5.460199	10.51102	27.58704	0.1090766	0.1202832	-6.975976	0.0809134	0
3.14	-5.414556	-5.733358	7.06693	9.11296	-0.3572114	-0.4498354	8.742078	-0.3771018	0
3.16	-3.914309	-4.094406	11.46802	24.74739	0.05069747	-0.04052159	0.05287671	0.1419821	0
3.18	-1.772552	-2.387164	17.58285	33.1253	-0.457475	-0.9765378	19.57038	-0.667178	0
3.2	-0.4948525	-1.02137	18.283	33.64527	-0.1984771	-0.8651556	21.08858	-1.400003	0
3.22	0.8958807	0.4127131	19.31773	34.61709	0.2002599	-0.2473186	10.1685	-0.7893156	0
3.24	0.1383376	0.3444233	10.50296	17.78185	0.7868254	0.9114133	-10.08735	0.01984469	0
3.26	2.569053	2.597983	18.10632	39.75077	0.7237822	1.03618	-19.94346	0.5541955	0
3.28	4.26088	3.895488	20.28729	35.8674	-0.03347207	0.1174636	-3.107458	0.1419821	0
3.3	4.314703	4.441804	14.19096	23.00404	0.4568277	1.005322	-18.2468	0.4320585	0
3.32	5.476184	5.124701	15.36448	19.97892	-0.09587611	0.2042806	-8.00542	-0.05649121	0
3.34	6.1483	6.080756	13.92203	22.59397	0.05899329	0.3663983	-10.74428	0.05037905	0
3.36	6.77002	6.695365	12.9869	21.82669	0.02843159	0.2378539	-8.822126	0.1419821	0
3.38	6.521727	6.422206	8.238894	7.82691	-0.1324444	0.0089552	-1.465177	-0.02595685	0
3.4	6.053659	6.012467	3.683701	-2.310893	-0.06057624	0.07419208	-1.276879	-0.1633615	0
3.42	5.880007	5.807599	1.093661	-8.814917	-0.1059469	0.09288267	0.4617217	-0.1022927	0
3.44	5.837863	5.875888	0.6002002	-3.294977	0.03416884	0.1062453	-2.91455	-0.209163	0
3.46	5.791726	5.807599	0.2281751	-2.331571	-0.01562722	0.04550538	-1.567605	-0.05649121	0
3.48	5.693171	5.739308	-0.2879988	-1.859522	0.009979267	0.07454026	-2.000109	-0.02595685	0
3.5	5.776471	5.807599	0.1342272	0.1131948	0.0078218	0.06485044	-2.005076	0.01984469	0
3.52	5.685164	5.739308	-0.3296389	-0.661587	0.02629643	0.1073281	-2.636606	-0.01068967	0
3.54	5.748919	5.807599	-0.0005564094	0.700183	0.04136498	0.1403126	-3.575984	0.03511187	0
3.56	5.709632	5.739308	-0.1968144	-0.3739627	-0.03382291	0.02079273	-1.110469	-0.02595685	0
3.58	5.691904	5.739308	-0.2787477	-0.1832417	0.009408411	0.07008871	-1.884999	-0.02595685	0
3.6	5.776732	5.807599	0.09903218	0.627264	0.01251497	0.08346634	-2.193335	0.01984469	0
3.62	5.708339	5.739308	-0.2799818	-0.7170013	8.475035e-06	0.07631549	-1.988179	-0.02595685	0
3.64	5.695802	5.739308	-0.3618111	-0.6586388	-0.003568497	0.06361448	-1.572672	-0.04122403	0
3.66	5.710195	5.739308	-0.2366144	-0.322733	-0.003602434	0.04615739	-1.438963	-0.01068967	0
3.68	5.773697	5.807599	0.09319946	0.8662215	0.0217751	0.0832513	-2.347027	0.01984469	0
3.7	5.778727	5.739308	-0.5717801	-4.594859	-0.1035757	0.03079839	1.195557	0.09618058	0
3.72	5.759577	5.739308	-1.218576	-6.861035	-0.07482933	0.05786776	0.9274939	0.03511187	0
3.74	5.699233	5.739308	-1.19541	-3.669215	0.01172492	0.04825228	-1.200121	0.004577507	0
3.76	5.778808	5.807599	-0.5030866	-0.7735548	0.01696815	0.05926355	-1.835569	-0.01068967	0
3.78	5.752932	5.739308	-1.083532	-5.091042	-0.06252991	0.08624209	-0.077618	0.004577507	0
3.8	5.65997	5.739308	-1.285735	-2.801919	0.03831846	0.117915	-2.613465	0.06564622	0
3.82	5.795633	5.807599	-0.3197933	-0.3485794	-0.01549143	0.03164214	-1.62974	0.0809134	0
3.84	5.830272	5.875888	-0.05549097	1.160836	0.009546384	0.05444255	-1.95969	0.01984469	0
3.86	5.841049	5.807599	-0.5937582	-4.143169	-0.0738594	0.07977095	-0.1485926	-0.02595685	0
3.88	6.700963	6.695365	3.611121	11.28634	0.07145551	0.07471087	-4.608661	0.03511187	0
3.9	6.698895	6.763654	3.191866	10.85689	0.08339348	0.08409315	-4.577674	-0.07175839	0
3.92	5.705785	5.739308	-2.368081	-9.738006	-0.07095646	0.09761411	-0.1677064	-0.02595685	0
3.94	5.691072	5.739308	-1.778046	-4.771623	-0.01018133	0.03166955	-1.551558	0.01984469	0
3.96	5.68282	5.739308	-1.404806	-2.645403	2.425909e-05	0.06544524	-1.781652	0.004577507	0
3.98	5.675927	5.739308	-1.156386	-1.603556	0.004684024	0.07019876	-1.678138	-0.07175839	0
4	5.772831	5.807599	-0.4322108	0.2386183	-0.003809361	0.03242704	-1.315221	-0.01068967	0
4.02	5.771312	5.807599	-0.3088753	0.4242312	0.006756091	0.0439215	-1.452806	-0.01068967	0
4.04	5.771545	5.807599	-0.2129517	0.5151815	0.01260143	0.05376349	-1.606375	0.03511187	0
4.06	5.7792	5.807599	-0.09264023	0.5597471	0.01971034	0.07619116	-2.227383	-0.04122403	0
4.08	5.744703	5.807599	-0.2274985	0.5815842	0.04137181	0.1254677	-3.131634	0.004577507	0
4.1	5.699501	5.739308	-0.4472534	-0.7393844	-0.02088253	0.03947236	-1.094792	0.01984469	0
4.12	6.725068	6.695365	4.444771	13.97855	0.0646906	0.05388625	-4.231509	-0.01068967	0
4.14	5.694665	5.807599	-1.026327	-2.164744	0.01352986	0.05750882	-1.200027	0.05037905	0
4.16	5.712175	5.739308	-0.6704251	-1.777777	0.01572007	0.06759825	-1.857859	0.06564622	0
4.18	6.697973	6.695365	4.097626	13.46974	0.08893066	0.09774303	-4.961525	-0.01068967	0
4.2	5.762574	5.807599	-1.488041	-6.716318	-0.05443916	0.1206754	-0.548772	0.01984469	0
4.22	5.738453	5.807599	-1.180705	-2.983687	0.02526192	0.08520112	-2.532432	-0.02595685	0
4.24	5.768203	5.739308	-1.379936	-6.481314	-0.111075	0.02109331	1.221438	0.004577507	0
4.26	5.766161	5.807599	-0.9812438	-2.151483	0.01202311	0.04253938	-1.708342	0.004577507	0
4.28	5.679669	5.739308	-1.150957	-2.078588	0.02016719	0.09377701	-2.151084	-0.07175839	0
4.3	5.690574	5.739308	-0.8214073	-1.018508	0.01213291	0.08165803	-2.238683	0.01984469	0
4.32	5.777821	5.807599	-0.2661406	0.2179836	-0.0009847544	0.06958462	-2.129725	-0.04122403	0
4.34	5.706199	5.739308	-0.5072526	-0.6102405	-0.01492042	0.03952101	-1.504043	0.004577507	0
4.36	5.729897	5.739308	-0.3288108	-0.606326	-0.03720421	-0.0006140042	-0.4677843	-0.02595685	0
4.38	5.804517	5.807599	0.0106305	0.112653	-0.01308644	0.03223585	-1.060822	0.05037905	0
4.4	5.766372	5.807599	-0.1609197	0.3625082	0.004753303	0.03007382	-0.9646155	0.01984469	0
4.42	5.699237	5.739308	-0.4824482	-0.8467317	0.01705997	0.0663195	-1.286002	0.03511187	0
4.44	5.74698	5.739308	-0.1424171	-0.4148985	-0.03653849	-0.03722842	0.4027322	-0.04122403	0
4.46	5.720028	5.739308	-0.2719919	-0.5106085	0.02429654	0.07211611	-1.548546	0.03511187	0
4.48	5.721395	5.739308	-0.1899101	-0.2501982	0.01504451	0.07208054	-1.9361	0.004577507	0
4.5	5.813365	5.739308	-0.6287642	-5.961367	-0.1303159	0.03871088	1.772786	0.01984469	0
4.52	5.673484	5.739308	-1.091917	-2.921069	0.02758506	0.06454013	-1.630981	0.05037905	0
4.54	5.685071	5.739308	-0.7791929	-1.431324	0.04128449	0.1175678	-2.742833	-0.01068967	0
4.56	5.724429	5.739308	-0.4525083	-1.008657	-0.02465767	0.03286081	-1.177448	-0.02595685	0
4.58	5.612564	5.67102	-0.8936481	-1.518574	0.005489804	0.06453545	-1.50293	0.01984469	0
4.6	7.158364	7.036813	6.587645	19.4355	0.05991226	0.0313341	-5.416883	1.928241	0
4.62	5.436495	5.807599	-2.952989	-5.841773	0.3538227	0.8507504	-15.71666	4.630532	0
4.64	4.312299	4.783254	-7.654531	-17.92034	0.3579282	1.126935	-22.56971	0.3251879	0
4.66	2.921308	3.21259	-12.5291	-34.18473	-0.1840058	0.4800955	-10.26873	-5.751147	0
4.68	1.375985	1.983377	-16.73652	-36.41794	0.05698559	0.7327357	-15.76698	-1.919086	0
4.7	0.8148373	0.9590311	-15.44511	-35.9757	-0.6762358	-0.6238673	11.67724	-1.461071	0
4.72	-0.7983085	-0.3384733	-18.43751	-34.32493	-0.1131793	-0.2188284	5.29653	0.4320585	0
4.74	-0.3009332	0.002975464	-11.47993	-13.234	0.08284829	0.00536789	0.6344618	0.2335852	0
4.76	0.1742866	0.2761335	-5.609478	0.6857519	0.040617	-0.1523445	0.5155206	-0.04122403	0
4.78	-1.697022	-1.362819	-11.19662	-13.79995	0.1105484	-0.05295303	0.2071376	-0.1022927	0
4.8	-2.198964	-1.977426	-9.745361	-11.06422	0.07136616	-0.06305739	0.4525923	0.004577507	0
4.82	-1.697014	-1.635977	-4.957177	-1.836254	-0.009712324	-0.07373587	1.523739	-0.02595685	0
4.84	-1.769111	-1.704267	-3.850067	-1.616807	0.004019871	-0.04885884	1.114918	0.01984469	0
4.86	-1.677698	-1.635977	-2.297565	0.5394149	0.01939592	-0.02753563	0.3319402	0.004577507	0
4.88	-1.733754	-1.704267	-1.867378	-0.4527291	0.004331883	-0.02025673	0.5135319	-0.01068967	0
4.9	-1.728272	-1.704267	-1.313477	-0.2218373	0.01674579	0.0129596	-0.2494573	0.004577507	0
4.92	-1.64194	-1.635977	-0.5395089	0.9156461	-0.003199993	-0.01792533	0.118947	-0.02595685	0
4.94	-1.732358	-1.704267	-0.7746748	-0.2683759	0.01005268	0.009099065	-0.08537272	0.01984469	0
4.96	-1.697783	-1.704267	-0.3870308	-0.1315042	-0.003139272	-0.002523247	-0.1335688	-0.02595685	0
4.98	-1.651767	-1.635977	-0.006796375	1.267213	0.02160993	0.02745781	-1.025649	-0.02595685	0
5	-1.750633	-1.704267	-0.4583277	-0.09610797	0.02751659	0.062552	-1.185431	-0.02595685	0
5.02	-1.702723	-1.704267	-0.1618733	-0.3543968	0.002173913	0.04854668	-1.227182	-0.05649121	0
5.04	-2.072741	-2.045715	-1.81022	-4.988082	-0.0585357	-0.04840869	1.454801	0.1267149	0
5.06	-2.053545	-2.045715	-1.198389	-2.44416	-0.004921364	-0.01541777	-0.01986897	-0.04122403	0
5.08	-2.08189	-2.045715	-0.4662289	1.875397	0.05531631	0.002397597	-2.241735	0.004577507	0
5.1	-3.500184	-3.411509	-6.527487	-16.80222	-0.09331998	-0.06638565	2.941876	-0.08702557	0
5.12	-2.501345	-2.387164	0.1734782	8.361295	0.2391639	0.2489116	-8.983798	-0.3618346	0
5.14	-4.270977	-4.094406	-7.001744	-13.82901	-0.07194827	-0.06905451	0.6928353	0.1419821	0
5.16	-6.07761	-6.074806	-12.72053	-31.56536	-0.4876051	-0.8746834	19.37679	-0.2854987	0
5.18	-7.454933	-6.825994	-16.061	-27.96405	0.4607862	0.5655626	-4.318438	-0.3465674	0
5.2	-7.778114	-7.4406	-12.55201	-18.61924	0.3672185	0.5155679	-10.92396	0.5847299	0
5.22	-8.493395	-8.123497	-11.75111	-14.75733	0.1485411	0.3228918	-8.819887	-0.7129797	0
5.24	-10.08774	-9.762449	-15.13995	-25.66931	-0.1857926	-0.2231921	3.525925	-0.05649121	0
5.26	-10.0155	-9.762449	-10.25572	-9.504921	-0.03753898	-0.2456256	2.685943	-0.05649121	0
5.28	-10.30531	-10.1039	-8.460933	-7.013412	-0.00193928	-0.179021	3.714142	-0.1633615	0
5.3	-11.80768	-11.67456	-13.44223	-28.84033	-0.1118052	-0.06570086	6.999797	-0.01068967	0
5.32	-10.40271	-10.44535	-3.873808	-1.225017	-0.01489583	-0.1321757	2.391378	0.01984469	0
5.34	-10.15768	-10.1039	-0.8331193	9.131028	0.07164644	-0.1691826	0.4021347	-0.08702557	0
5.36	-9.836217	-9.830739	1.559975	12.87384	0.06306834	-0.1478733	0.7077691	-0.04122403	0
5.38	-11.84498	-11.74285	-7.593446	-18.07124	-0.05675551	-0.09219536	5.409539	-0.05649121	0
5.4	-11.7179	-11.67456	-4.888277	-8.137864	0.02311388	-0.09997387	2.626585	-0.05649121	0
5.42	-11.31566	-11.4014	-2.504791	-5.728939	-0.1022247	-0.1070194	5.22201	-0.1328271	0
5.44	-10.02225	-10.1039	4.349499	16.65537	0.08014435	-0.1274416	-0.2485626	0.01984469	0
5.46	-11.44663	-11.4014	-2.833571	-6.999169	-0.02363931	-0.09139875	3.947188	-0.01068967	0
5.48	-11.38045	-11.4014	-1.754351	-3.736892	0.0008461848	-0.1010515	2.982518	-0.05649121	0
5.5	-11.38168	-11.4014	-1.201799	-1.831077	0.01461624	-0.06804313	2.048967	0.004577507	0
5.52	-11.36777	-11.4014	-0.7467215	-0.8972278	-0.01805445	-0.1122019	2.882003	0.1114478	0
5.54	-11.36972	-11.4014	-0.4929465	-0.4396416	-0.003477607	-0.09057119	2.48241	0.004577507	0
5.56	-10.28607	-10.44535	4.080323	9.823151	-0.04862823	-0.1314916	3.245418	0.03511187	0
5.58	-11.44294	-11.4014	-1.724598	-5.225231	0.02670798	-0.07396894	2.697082	-0.01068967	0
5.6	-11.34112	-11.4014	-0.725987	-2.560363	-0.02350328	-0.1434706	3.613306	-0.04122403	0
5.62	-11.3856	-11.4014	-0.7240236	-1.561877	0.0173689	-0.0660127	2.511762	0.05037905	0
5.64	-11.28496	-11.33311	0.005706102	0.2590122	0.004936364	-0.08831792	2.328292	0.03511187	0
5.66	-11.32469	-11.33311	-0.140806	0.1269159	0.03691021	-0.01147245	1.059156	-0.08702557	0
5.68	-11.38007	-11.4014	-0.2804536	-0.6548436	0.006740106	-0.04526572	1.465071	-0.02595685	0
5.7	-11.36817	-11.4014	-0.08827719	-0.3208734	0.00735645	-0.02806417	0.7834091	0.01984469	0
5.72	-11.38897	-11.4014	-0.1155128	-0.1572279	0.01200843	-0.002623426	0.2098326	-0.1480943	0
5.74	-10.34526	-10.44535	4.832064	14.26378	0.01098888	-0.1143666	-0.1727877	0.0809134	0
5.76	-11.45854	-11.4014	-1.098637	-3.356622	0.01317969	-0.01416465	1.232698	-0.07175839	0
5.78	-11.36294	-11.4014	-0.3864284	-1.952044	-0.0167551	-0.0599655	1.575746	-0.02595685	0
5.8	-11.28316	-11.4014	-0.7563928	-6.795267	-0.1289591	-0.05205734	4.327992	0.03511187	0
5.82	-11.26999	-11.26482	-0.4059699	-1.280988	0.01851856	-0.05462674	1.143276	-0.02595685	0
5.84	-11.39326	-11.4014	-0.7630572	-2.061769	-0.01043194	-0.07885911	2.152069	-0.02595685	0
5.86	-11.28666	-11.33311	-0.006195426	0.01406527	-0.01781538	-0.1036488	2.305012	-0.04122403	0
5.88	-11.40642	-11.4014	-0.4689702	-0.7101404	0.04700375	0.02553731	-0.006612659	0.004577507	0
5.9	-11.35422	-11.4014	-0.04889449	-0.3479688	-0.03200874	-0.08185689	1.734976	0.01984469	0
5.92	-11.39742	-11.4014	-0.2130353	-0.1705047	-0.002452062	-0.04955936	1.430774	0.004577507	0
5.94	-11.37379	-11.4014	-0.02705343	-0.0835473	-0.0141438	-0.0737903	1.911069	0.03511187	0
5.96	-11.38102	-11.4014	-0.03471459	-0.04093818	-0.007573856	-0.07465404	2.113799	-0.02595685	0
5.98	-11.31062	-11.33311	0.3211013	1.004272	0.01222358	-0.05430035	1.611728	-0.04122403	0
6	-11.38869	-11.4014	-0.06084596	-0.224939	0.02244801	-0.01992043	1.034268	0.01984469	0
6.02	-11.37409	-11.4014	0.05308874	-0.1102201	-0.001106333	-0.04842073	1.422362	-0.01068967	0
6.04	-11.38442	-11.4014	0.01829517	-0.05400784	0.007274676	-0.03248731	1.091915	-0.04122403	0
6.06	-11.36522	-11.4014	0.08343199	-0.3337635	-0.02063615	-0.06702679	1.874962	0.004577507	0
6.08	-11.36201	-11.4014	0.06818856	-0.4708437	-0.02196441	-0.07830863	2.12362	-0.04122403	0
6.1	-11.38258	-11.4014	-0.01571857	-0.2307134	0.003556484	-0.05246544	1.605937	0.01984469	0
6.12	-11.268	-11.33311	0.5749897	0.9112825	-0.03254705	-0.1207923	2.607473	-0.05649121	0
6.14	-11.37113	-11.4014	0.02930881	-0.270504	-0.009024341	-0.08911012	2.445446	0.05037905	0
6.16	-11.30027	-11.33311	0.3459399	0.5844855	0.02295165	-0.02396143	1.081603	0.01984469	0
6.18	-11.35303	-11.4014	0.111104	-0.4306346	-0.01958237	-0.08284897	2.005079	-0.01068967	0
6.2	-11.3021	-11.33311	0.3595583	0.8133211	-0.00472842	-0.07464112	1.83716	-0.05649121	0
6.22	-11.40204	-11.4014	-0.20737	-0.6258047	0.01374766	-0.03225738	1.650636	-0.02595685	0
6.24	-11.28871	-11.33311	0.3645887	0.4103881	0.00322675	-0.046969	1.391417	-0.01068967	0
6.26	-11.35956	-11.4014	0.03317544	-0.5159422	-0.02662923	-0.1000528	2.42068	-0.02595685	0
6.28	-11.35774	-11.4014	0.09249671	-0.2528117	-0.008440066	-0.07365446	1.857516	-0.02595685	0
6.3	-11.27388	-11.33311	0.524201	0.9004543	-0.02429283	-0.1060853	2.296719	-0.02595685	0
6.32	-11.3499	-11.4014	0.08227095	-0.5831094	-0.03341179	-0.1146024	2.976612	-0.07175839	0
6.34	-11.29635	-11.33311	0.3588057	0.7386085	0.005663205	-0.07636909	2.03061	-0.04122403	0
6.36	-11.34284	-11.4014	0.09475377	-0.6624139	-0.03243254	-0.120976	3.224195	0.06564622	0
6.38	-11.3495	-11.4014	0.05281126	-0.6318824	-0.01549407	-0.1030095	2.942341	-0.02595685	0
6.4	-11.36446	-11.4014	-0.006878644	-0.616922	0.02742364	-0.01334816	1.003581	-0.02595685	0
6.42	-11.37671	-11.4014	-0.02358882	-0.3022918	-0.005651485	-0.06367755	1.848407	0.004577507	0
6.44	-12.06723	-12.0843	-3.207012	-10.39159	-0.0897967	-0.1429306	5.194602	-0.1786287	0
6.46	-12.10461	-12.0843	-2.886646	-8.164916	0.08193225	0.1784324	-1.648008	0.06564622	0
6.48	-12.21217	-12.0843	-2.124293	-1.235078	0.1388684	0.1631869	-4.975553	-0.02595685	0
6.5	-11.78975	-11.67456	0.4164174	6.770103	0.004582807	-0.07766984	0.744091	-0.4992394	0
6.52	-14.14357	-13.99641	-9.637824	-24.13511	-0.124454	-0.2649996	7.98694	-0.4992394	0
6.54	-13.68325	-13.65496	-5.055268	-8.548297	0.03227524	-0.09989286	2.846698	-0.07175839	0
6.56	-13.31509	-13.31351	-1.852456	0.9330664	0.03425287	-0.09659454	1.770118	-0.08702557	0
6.58	-13.30922	-13.31351	-1.220324	0.7645065	0.01183593	-0.07204033	1.988942	0.0809134	0
6.6	-14.01193	-13.99641	-4.327147	-11.09807	-0.05007574	-0.03367385	3.774	-0.1175599	0
6.62	-9.770002	-10.1039	15.61065	45.57434	0.05983049	-0.2009927	-1.638817	0.0809134	0
6.64	-13.47445	-13.31351	-3.771337	-11.36953	-0.01055345	-0.1664898	5.53402	0.05037905	0
6.66	-13.34888	-13.3818	-2.165348	-6.595417	0.01345679	-0.1367201	4.249064	-0.01068967	0
6.68	-12.81771	-12.97206	0.1045883	-2.924457	-0.08556139	-0.1332175	5.909236	0.09618058	0
6.7	-13.73521	-13.65496	-3.368395	-7.066879	0.08867314	-0.06878054	1.8689	0.3099211	0
6.72	-12.29661	-12.35746	4.315312	15.9998	0.1436211	-0.005006894	-2.361959	0.06564622	0
6.74	-12.2667	-12.35746	3.27898	7.8399	-0.01317765	-0.02789957	1.170331	-0.04122403	0
6.76	-12.20265	-12.28917	2.714369	4.865897	-0.02192782	-0.0743643	1.688606	0.03511187	0
6.78	-12.28091	-12.35746	1.687594	1.667247	-0.04282062	-0.125837	3.068913	-0.02595685	0
6.8	-12.383	-12.42575	0.8296189	0.09990858	0.001921674	-0.07532495	2.321461	-0.02595685	0
6.82	-12.22022	-12.28917	1.297193	1.48304	-0.01534081	-0.1028896	2.910027	0.0809134	0
6.84	-12.27727	-12.35746	0.852118	0.3169511	-0.01942183	-0.1276383	3.004084	0.004577507	0
6.86	-12.31854	-12.35746	0.4687351	0.155306	-0.002377246	-0.0994627	3.026015	-0.07175839	0
6.88	-12.28413	-12.35746	0.5715092	0.07609995	-0.004572421	-0.09618711	2.630868	0.004577507	0
6.9	-12.31428	-12.35746	0.3340662	0.03728897	-1.385808e-05	-0.08566245	2.568672	-0.01068967	0
6.92	-12.36991	-12.42575	0.09525374	-0.6987708	-0.01265319	-0.1060998	2.80507	-0.02595685	0
6.94	-12.36217	-12.42575	0.1400639	-0.6497016	-0.01385386	-0.09064159	2.529381	-0.316033	0
6.96	-12.60932	-12.69891	-1.473033	-7.488774	-0.123777	-0.1600191	6.331548	-0.04122403	0
6.98	-13.41088	-13.31351	-4.063352	-8.586352	0.06919996	-0.1008769	2.395321	0.03511187	0
7	-13.99806	-13.99641	-5.89432	-15.98729	-0.07007908	-0.10557	5.65275	0.004577507	0
7.02	-12.2809	-12.42575	2.914282	9.580106	0.01038851	-0.08598661	1.587578	0.09618058	0
7.04	-13.42043	-13.3818	-2.445709	-5.344333	0.01609424	-0.06686454	2.126725	0.004577507	0
7.06	-13.34378	-13.3818	-1.459429	-3.233331	-0.02781816	-0.1042346	2.859338	-0.01068967	0
7.08	-13.30179	-13.31351	-0.8050211	-0.5599858	0.002174437	-0.08792699	2.230837	0.05037905	0
7.1	-13.29297	-13.31351	-0.5595563	-0.581697	0.00137382	-0.0632415	2.150365	-0.04122403	0
7.12	-13.30151	-13.31351	-0.4175738	-0.2850315	0.01199788	-0.05319452	1.80639	-0.05649121	0
7.14	-13.34936	-13.3818	-0.4878499	-1.164012	-0.01360014	-0.08296829	2.425361	0.004577507	0
7.16	-13.21546	-13.24522	0.3119074	1.478327	0.007508393	-0.07851285	1.89416	0.004577507	0
7.18	-13.25867	-13.31351	0.1249534	0.007337785	-0.0245127	-0.1120644	2.790129	-0.01068967	0
7.2	-13.2846	-13.31351	0.02451205	0.003595514	0.01350015	-0.04944085	1.629055	0.004577507	0
7.22	-13.34217	-13.3818	-0.1527351	-0.7152807	-0.01527091	-0.09122509	2.354902	-0.02595685	0
7.24	-13.35156	-13.3818	-0.1605797	-0.6577914	-0.005217046	-0.06789507	2.156328	0.01984469	0
7.26	-13.27698	-13.31351	0.2595108	0.7020286	-0.01580132	-0.1141626	2.883595	0.004577507	0
7.28	-13.32204	-13.3818	-0.02823219	-0.9876562	-0.0367872	-0.136212	3.894953	-0.02595685	0
7.3	-13.199	-13.24522	0.5548439	1.257437	0.007298138	-0.1034872	2.946859	-0.05649121	0
7.32	-13.1909	-13.24522	0.5916811	1.230752	0.006998517	-0.1101603	2.845498	-0.01068967	0
7.34	-13.32442	-13.3818	-0.1289589	-1.445624	-0.01361302	-0.1019694	3.276435	-0.05649121	0
7.36	-13.33887	-13.3818	-0.1352637	-1.01566	0.01198301	-0.06040731	2.165554	-0.01068967	0
7.38	-13.31211	-13.3818	0.1183254	-0.4976732	-0.02047669	-0.1061739	2.555888	0.01984469	0
7.4	-13.32013	-13.3818	0.02110064	-0.8584677	-0.04519133	-0.136221	3.705714	0.03511187	0
7.42	-13.28625	-13.31351	0.2263304	0.6036972	0.02623501	-0.05459331	1.754422	0.004577507	0
7.44	-13.27596	-13.31351	0.2630868	0.2958116	0.02128064	-0.02555136	1.10969	-0.05649121	0
7.46	-13.20577	-13.24522	0.5652369	1.169294	-0.0006384626	-0.05730636	1.426199	0.03511187	0
7.48	-13.33139	-13.3818	-0.082012	-1.168435	-0.0455276	-0.1258843	3.109557	0.05037905	0
7.5	-13.30708	-13.31351	0.02851047	0.1445094	0.0254418	-0.03096364	1.424862	0.05037905	0
7.52	-13.99939	-13.99641	-2.933375	-8.636134	-0.03684155	-0.09956706	3.450416	-0.07175839	0
7.54	-13.68095	-13.65496	-1.119883	-2.183013	0.05663585	0.0767987	0.2182096	0.1877837	0
7.56	-9.919391	-10.03561	16.23155	50.14759	0.3521508	0.2729301	-12.43951	-0.1633615	0
7.58	-13.07337	-12.97206	-0.6891048	-4.723963	0.05159076	0.1602806	-4.739588	0.2641196	0
7.6	-12.67102	-12.97206	1.699941	-2.007442	-0.2653574	-0.2842069	1.450385	-0.2549645	0
7.62	-11.05349	-11.4014	8.284501	18.58136	-0.5027443	-0.959054	16.82943	0.3099211	0
7.64	-9.631852	-10.1039	12.96963	30.10394	-0.3483079	-1.1925	22.74956	0.218318	0
7.66	-9.724398	-10.1039	8.439621	10.14138	0.05883802	-0.2228524	12.26687	0.7068673	0
7.68	-6.47074	-7.099152	20.5405	42.66518	0.1312247	-0.2298485	4.399146	0.5847299	0
7.7	-6.612607	-7.099152	14.54591	21.21324	-0.1163807	-0.434848	12.0562	0.4320585	0
7.72	-6.513197	-6.825994	10.90006	12.95534	0.04453933	-0.2197606	8.8731	-1.125193	0
7.74	-4.293578	-4.777303	17.65572	32.16162	0.06849711	-0.2416506	5.898426	-0.7587813	0
7.76	-4.254558	-4.777303	13.12589	15.75919	-0.3022635	-0.8288356	20.78041	-0.6061094	0
7.78	-3.299529	-3.752957	13.52596	18.47763	0.1120677	-0.2038764	8.563166	0.6152647	0
7.8	-1.855506	-2.318874	16.86364	30.56528	0.1480776	-0.2021162	3.846809	-0.4381705	0
7.82	-2.186854	-2.455454	10.83656	13.2356	0.06975488	-0.07083903	5.389979	-0.1786287	0
7.84	-0.9437274	-1.362819	13.07924	17.95811	0.03721444	-0.0426241	2.641688	0.1877837	0
7.86	0.7173341	0.2761335	16.7371	28.77421	0.0004972219	-0.1019564	1.562889	-0.5603079	0
7.88	1.575841	1.641927	15.37566	31.51322	0.41434	0.5965804	-9.341115	0.2335852	0
7.9	2.913486	2.597983	16.53868	27.01659	-0.1541045	-0.3163477	8.845983	0.9664094	0
7.92	5.00422	4.441804	20.82728	33.82745	0.1120402	0.1588402	-3.347422	0.5694631	0
7.94	6.506524	5.807599	22.0553	34.29664	-0.2460506	-0.404931	5.2095	-0.6824453	0
7.96	6.886629	6.695365	17.80355	30.42915	0.1304507	0.06489705	-1.184091	0.7984709	0
7.98	8.553807	8.129447	19.60525	29.66084	0.1264979	0.3513303	-6.208183	0.03511187	0
8	8.537735	8.197738	14.15387	15.55817	-0.2001923	-0.260562	5.645069	3.592363	0
8.02	10.08089	9.63182	15.87114	18.99372	-0.1614154	-0.1607997	6.560669	2.233585	0
8.04	10.24419	10.17814	12.17418	17.19438	0.2910689	0.3693262	-5.91732	0.4015237	0
8.06	12.99435	12.49999	21.15615	38.95074	0.1587619	0.3137804	-11.33993	-4.346567	0
8.08	12.07937	12.22683	11.32971	17.44691	0.3680703	0.9250984	-19.50991	-8.316032	0
8.1	12.96303	12.77315	11.86927	15.20724	-0.1349549	0.1897213	-7.463119	-1.873285	0
8.12	13.65566	13.45604	11.42253	16.15847	-0.3012628	-0.3116469	3.692951	-0.02595685	0
8.14	13.91053	13.66091	9.705056	12.83453	-0.2024317	-0.4221636	6.685321	0.1419821	0
8.16	13.57385	13.31946	5.136086	-0.9839535	-0.2235323	-0.4060131	11.81885	-0.07175839	0
8.18	14.22779	14.00236	6.86147	9.454018	0.01317629	-0.3032008	6.849515	0.3251879	0
8.2	14.43931	14.20723	5.81523	5.86167	0.03240536	-0.1030006	4.898557	0.06564622	0
8.22	14.44302	14.20723	4.415009	2.872219	-0.06681687	-0.2903953	7.591424	-0.02595685	0
8.24	14.39008	14.20723	3.155264	1.714687	-0.04968876	-0.3155869	8.311102	-0.04122403	0
8.26	14.97355	14.68526	4.902869	6.166812	-0.1041602	-0.4229168	10.41397	0.5999975	0
8.28	14.14599	14.00236	0.4055703	-3.841379	-0.05428103	-0.4314071	11.47011	-0.01068967	0
8.3	14.88462	14.68526	4.01742	8.975797	0.05405842	-0.3523392	8.094526	-0.1633615	0
8.32	14.31407	14.13894	0.4547725	-3.489323	-0.04376981	-0.3228231	10.98172	-0.08702557	0
8.34	14.37779	14.20723	0.785802	-0.9927357	0.009961709	-0.3072139	9.10306	-0.05649121	0
8.36	14.31358	14.13894	0.4670182	-1.510772	-0.03424527	-0.3618284	10.33007	-0.04122403	0
8.38	14.4212	14.20723	1.020637	-0.02324603	-0.05590145	-0.4152626	11.02863	-0.05649121	0
8.4	14.85129	14.61697	2.635773	3.983556	-0.03444912	-0.3615794	10.31597	-0.1022927	0
8.42	14.02774	13.93407	-1.207463	-4.911182	0.02393332	-0.3164609	9.406603	0.03511187	0
8.44	14.08649	13.93407	-0.362606	-2.09918	0.003861651	-0.3216174	9.081444	-0.1480943	0
8.46	14.64142	14.4121	2.204274	3.99071	-0.05089028	-0.3736616	10.08658	-0.01068967	0
8.48	14.64139	14.4121	1.824702	1.955448	-0.08398537	-0.4587972	11.9498	0.004577507	0
8.5	14.61135	14.4121	1.390021	0.9581693	-0.03914401	-0.4211102	11.70076	-0.04122403	0
8.52	14.66579	14.4121	1.565603	0.7768111	-0.06576255	-0.4861263	12.63274	-0.02595685	0
8.54	14.64907	14.4121	1.324608	0.3806374	-0.05429706	-0.4755653	12.88451	-0.02595685	0
8.56	14.63993	14.4121	1.220125	0.4938205	-0.03923433	-0.4767677	12.97415	-0.02595685	0
8.58	14.65498	14.4121	1.215705	0.2419721	-0.04539463	-0.4858779	13.39847	0.01984469	0
8.6	14.66096	14.4121	1.186734	0.1185663	-0.04561159	-0.4953737	13.63349	0.0809134	0
8.62	14.66464	14.4121	1.166805	0.05809749	-0.04112069	-0.4920909	13.57819	0.03511187	0
8.64	14.63742	14.4121	0.9865322	0.02846777	-0.0195377	-0.4595342	13.14765	-0.01068967	0
8.66	14.72762	14.48039	1.36249	0.7309816	-0.02193168	-0.4515359	12.80254	0.01984469	0
8.68	14.64488	14.4121	0.9378022	-0.3588515	-0.01907499	-0.4370904	12.36125	0.01984469	0
8.7	14.06661	13.93407	-1.393381	-4.887845	0.01687236	-0.400102	11.70753	-0.01068967	0
8.72	14.10396	13.93407	-0.5490236	-2.087744	0.02801444	-0.3447168	10.13517	0.01984469	0
8.74	14.11523	13.93407	-0.04825711	-0.715695	-0.009782061	-0.3744738	10.40399	-0.05649121	0
8.76	14.05614	13.86578	-0.02050841	-1.067723	-0.04188642	-0.4143393	11.23899	-0.07175839	0
8.78	14.1113	13.93407	0.4575917	0.5011477	-0.02568525	-0.4075793	11.20553	0.05037905	0
8.8	14.04127	13.86578	0.2575063	-0.4714701	-0.01788928	-0.392263	11.19172	-0.02595685	0
8.82	14.07685	13.86578	0.5293506	-0.5383199	-0.05002737	-0.4393927	12.22499	0.03511187	0
8.84	14.12133	13.93407	0.8167402	0.7605553	-0.008521795	-0.4004426	11.32882	-0.01068967	0
8.86	14.08511	13.86578	0.660509	-0.65166	-0.04318362	-0.4349793	12.20304	-0.05649121	0
8.88	14.08061	13.86578	0.6671575	-0.626613	-0.03175141	-0.4184673	11.8554	0.09618058	0
8.9	14.06068	13.86578	0.6362256	-0.3070404	-0.009374499	-0.3851065	11.05969	0.05037905	0
8.92	14.07811	13.86578	0.7420068	-0.4577494	-0.02801308	-0.3909759	11.13983	0.06564622	0
8.94	14.06616	13.86578	0.7190708	-0.2242972	-0.037871	-0.4217815	11.66927	0.01984469	0
8.96	14.19045	13.93407	1.315534	0.6071268	-0.08029762	-0.5022954	13.12524	0.01984469	0
8.98	14.14908	13.93407	1.079843	0.6047918	-0.02093968	-0.4295464	11.7881	0.03511187	0
9	14.06914	13.86578	0.6444423	-0.7279841	-0.02657001	-0.4166909	12.0515	-0.08702557	0
9.02	14.09242	13.86578	0.8288805	-0.3567122	-0.04264128	-0.456447	12.53041	0.05037905	0
9.04	14.05155	13.86578	0.6466387	-0.174789	0.003919095	-0.3804198	11.24493	-0.02595685	0
9.06	14.10072	13.86578	0.9557452	-0.08564659	-0.04186805	-0.4409356	12.063	0.01984469	0
9.08	14.1468	13.93407	1.171502	0.9823652	-0.01662709	-0.4064969	11.25346	-0.02595685	0
9.1	14.16042	13.93407	1.159414	0.4813589	-0.04837358	-0.4482435	12.25963	0.03511187	0
9.12	14.08744	13.86578	0.7478553	-0.7884662	-0.05280237	-0.4644071	12.89409	0.03511187	0
9.14	14.14132	13.93407	0.9879438	0.330684	-0.01029928	-0.4081479	11.76394	-0.04122403	0
9.16	14.15275	13.93407	1.019661	0.1620352	-0.01954009	-0.4111471	11.67019	-0.02595685	0
9.18	14.13303	13.93407	0.8907955	0.07939722	-0.006015524	-0.379803	11.02282	0.05037905	0
9.2	14.14129	13.93407	0.9217529	0.03890464	-0.02401429	-0.3999579	11.2845	0.0809134	0
9.22	14.06672	13.86578	0.5606797	-1.005269	-0.027702	-0.3954341	11.30308	0.05037905	0
9.24	14.13704	13.93407	0.9619212	0.5317503	-0.03589164	-0.4347636	11.85403	0.01984469	0
9.26	14.17704	13.93407	1.137524	0.2605577	-0.06515111	-0.4853259	12.94448	-0.05649121	0
9.28	14.19575	13.93407	1.270691	0.4349729	-0.05542727	-0.4854293	12.60074	-0.1480943	0
9.3	14.06303	13.86578	0.5514413	-0.8111954	-0.03072999	-0.4366717	12.5753	-0.1328271	0
9.32	14.07629	13.86578	0.7133505	-0.3974857	-0.002699673	-0.3908748	11.28064	0.1114478	0
9.34	14.09721	13.86578	0.8645315	-0.194768	-0.06707358	-0.4985053	13.44636	-0.04122403	0
9.36	14.10074	13.86578	0.8742175	-0.4027359	-0.02823436	-0.4322156	12.21398	0.004577507	0
9.38	14.71103	14.4121	3.737862	7.690131	-0.04624195	-0.5201273	12.40181	0.2488524	0
9.4	14.36448	14.13894	1.549836	0.8999946	-0.03068809	-0.4453602	12.56656	-0.209163	0
9.42	14.66614	14.4121	2.358714	1.772652	0.008266419	-0.2899832	10.00998	0.05037905	0
9.44	14.87203	14.61697	2.568542	1.790501	-0.07104518	-0.4158111	12.33593	0.1572493	0
9.46	15.12976	14.95842	2.8536	3.540632	0.06850613	-0.1884558	7.992358	-0.1633615	0
9.48	16.18067	15.7096	6.483359	8.085838	-0.2277775	-0.6172307	15.53937	0.01984469	0
9.5	16.07779	15.7096	4.61684	4.269361	-0.1906498	-0.7491673	18.22779	0.7984709	0
9.52	16.2932	15.98276	4.809254	7.11128	0.003680944	-0.5387983	13.89535	-0.209163	0
9.54	17.16782	16.80224	7.675539	14.54748	0.03350049	-0.4370892	11.64966	0.2335852	0
9.56	16.71668	16.46079	4.318791	5.694169	0.03460976	-0.4207379	11.41973	0.06564622	0
9.58	16.71035	16.46079	3.325923	2.790143	0.01012953	-0.3709958	11.4812	0.4015237	0
9.6	16.48224	16.25592	1.336695	-3.242379	-0.009652704	-0.3067027	11.24056	-0.4687048	0
9.62	16.37226	16.18763	0.7003332	-2.613126	0.01174766	-0.3260337	10.03622	-0.07175839	0
9.64	16.47748	16.25592	1.193628	-0.5633793	-0.04093184	-0.4033923	11.04118	0.09618058	0
9.66	16.46383	16.25592	1.045002	-0.2760559	-0.03984739	-0.4099118	11.22813	-0.1328271	0
9.68	16.38032	16.18763	0.6035075	-1.159628	-0.02019614	-0.3680044	10.59224	1.103814	0
9.7	16.93625	16.52908	2.803764	0.8658814	-0.2071283	-0.5954959	15.16123	-0.1022927	0
9.72	16.66582	16.46079	1.079034	-0.6000788	-0.05218433	-0.4732003	13.06291	0.01984469	0
9.74	16.67375	16.46079	1.073505	-0.2940386	0.01504958	-0.354363	10.46845	0.1267149	0
9.76	16.74586	16.52908	1.380316	0.8802817	-0.008693352	-0.3663206	10.23725	0.1267149	0
9.78	17.37746	17.14369	4.225537	9.957778	0.0002260357	-0.4245088	9.922392	-0.04122403	0
9.8	16.6016	16.3925	-0.2590688	-5.773925	-0.09407192	-0.4263474	13.41464	0.06564622	0
9.82	16.72593	16.52908	0.5937908	-1.08781	-0.01058373	-0.4080521	11.28555	-0.07175839	0
9.84	16.62698	16.46079	0.1862276	-1.557387	0.01061475	-0.3360155	10.35828	-0.02595685	0
9.86	16.11942	15.98276	-2.024907	-7.933545	-0.01155505	-0.3028869	10.49407	0.2793867	0
9.88	16.12417	15.98276	-1.266884	-4.194749	0.0003547966	-0.3222026	9.464843	-0.01068967	0
9.9	16.20696	16.05105	-0.3079601	-1.031052	-0.009041235	-0.332173	9.091717	-0.05649121	0
9.92	16.14571	15.98276	-0.2916169	-1.52959	-0.03326862	-0.3417294	9.505909	-0.08702557	0
9.94	16.15824	15.98276	0.001436174	-1.056812	-0.066276	-0.4100998	11.02237	0.1725165	0
9.96	16.12311	15.91447	-0.5299121	-5.229821	-0.08285064	-0.3228594	11.40684	0.004577507	0
9.98	16.10845	15.98276	-0.3345079	-2.152893	0.01910254	-0.2784529	8.653446	0.06564622	0
10	16.1672	15.98276	0.2925909	-0.7476177	-0.03978416	-0.3741723	9.811886	0.03511187	0
10.02	16.21461	16.05105	0.5928422	0.3507298	-0.01759994	-0.3280481	9.229513	0.03511187	0
10.04	16.12271	15.98276	0.2362888	-0.5452049	0.006659836	-0.2797917	8.274753	0.03511187	0
10.06	16.1567	15.98276	0.5807935	0.04014921	-0.03274173	-0.3415697	9.020086	-0.08702557	0
10.08	16.15002	15.98276	0.583952	0.01967311	-0.0441099	-0.3612957	9.757341	0.004577507	0
10.1	16.16778	15.98276	0.698949	0.009639826	-0.05938992	-0.4083915	10.86058	0.2488524	0
10.12	16.85832	16.46079	3.87974	5.945928	-0.1892231	-0.6606467	14.55164	-0.483972	0
10.14	15.26812	15.23157	-3.815541	-12.14437	0.05036204	-0.2421819	9.582068	0.3404554	0
10.16	14.01627	13.86578	-7.522967	-21.52079	-0.1521504	-0.6159332	15.18308	-0.04122403	0
10.18	13.16338	13.11459	-8.330505	-17.20343	-0.0257965	-0.5263605	12.29148	0.3709898	0
10.2	11.35075	11.33906	-13.41458	-29.83849	-0.2092478	-0.7858582	20.67772	-0.01068967	0
10.22	9.443058	9.904979	-17.83704	-30.90796	0.3047805	-0.1034833	9.504183	0.5847299	0
10.24	8.599824	8.129447	-15.91389	-39.01215	-0.62047	-1.46552	33.44201	-0.6977125	0
10.26	7.179999	7.309972	-17.81803	-32.9446	0.09167075	-0.4246967	16.33652	-0.5297735	0
10.28	5.51963	6.012467	-19.53469	-28.53744	0.3832223	-0.07267451	7.828786	-1.369468	0
10.3	5.115187	5.19299	-14.83945	-19.20751	-0.01515055	-0.7175139	16.96069	-7.537407	0
10.32	3.551605	3.485749	-16.1247	-25.8012	-0.1444318	-0.92856	20.64673	9.790836	0
10.34	1.789074	1.983377	-18.61527	-28.4175	-0.06058931	-0.8740739	23.66645	12.90534	0
10.36	1.00802	1.300479	-16.84697	-24.16804	0.5979724	0.5341411	-4.37124	-0.316033	0
10.38	0.7884464	1.23219	-12.64628	-9.793638	0.5497382	0.7190261	-13.99362	0.01984469	0
10.4	0.8053162	1.23219	-8.825392	-2.340451	0.3820959	0.7648091	-17.8298	0.3099211	0
10.42	-0.4499661	0.002975464	-12.03023	-17.12661	0.2008574	0.8370005	-19.03137	-0.08702557	0
10.44	0.3193977	0.6858721	-5.677493	0.007591724	0.04745746	0.5587344	-16.98851	0.004577507	0
10.46	-0.3602563	0.002975464	-7.795783	-11.46895	-0.05086011	0.5627012	-14.0502	0.01984469	0
10.48	0.06524414	0.3444233	-4.923161	-6.64414	-0.05681598	0.5687842	-14.06744	-0.04122403	0
10.5	-0.02146471	0.3444233	-4.209428	-2.948325	0.06203483	0.5934383	-17.02828	-0.07175839	0
10.52	0.02979589	0.3444233	-3.101114	-1.137375	0.005756944	0.5122168	-15.33636	-0.05649121	0
10.54	-0.6608247	-0.3384733	-6.047138	-12.33728	-0.05740094	0.5295475	-12.66507	0.004577507	0
10.56	-0.03958726	0.2761335	-1.781184	3.173834	0.07759684	0.5029215	-16.13014	0.1114478	0
10.58	0.002481848	0.2761335	-1.420629	1.555179	0.0337899	0.5454866	-15.33137	-0.1633615	0
10.6	-0.03426364	0.3444233	-0.6251675	7.625151	0.1588183	0.5342362	-18.22188	0.004577507	0
10.62	0.09042355	0.3444233	-0.2579757	3.736324	0.02864933	0.5563566	-15.43042	-0.08702557	0
10.64	-1.07558	-0.6799221	-5.235438	-8.924829	0.06507593	0.5616944	-15.47047	-0.04122403	0
10.66	0.5200315	0.6858721	3.393519	16.11375	0.05972023	0.4183959	-16.9612	-0.1328271	0
10.68	-0.9679595	-0.6799221	-4.762222	-12.28388	-0.09487456	0.4979846	-10.85532	-0.05649121	0
10.7	-1.10862	-0.7482109	-4.420563	-7.043432	0.08523151	0.5692143	-15.22783	-0.01068967	0
10.72	-0.9650762	-0.6799221	-2.888358	-2.734249	0.03620364	0.5176189	-14.66129	-0.02595685	0
10.74	-0.9839243	-0.6799221	-2.482525	-1.339782	0.05360965	0.554461	-15.36036	0.03511187	0
10.76	-0.9504297	-0.6799221	-1.894317	-0.3491936	0.0200043	0.4960719	-14.54852	-0.02595685	0
10.78	-0.9697555	-0.6799221	-1.775139	-0.1711048	0.04289554	0.539357	-15.03346	0.01984469	0
10.8	-0.974622	-0.6799221	-1.632347	-0.08384138	0.06180237	0.5809575	-15.88396	-0.01068967	0
10.82	-0.9573152	-0.6799221	-1.424848	-0.04108227	0.0301598	0.5366114	-15.11705	-0.04122403	0
10.84	-1.002084	-0.6799221	-1.589426	-0.02013031	0.08147627	0.6219407	-16.60933	0.03511187	0
10.86	-0.975741	-0.6799221	-1.373997	-0.009863853	0.05908985	0.6068763	-16.62842	-0.04122403	0
10.88	-0.9612368	-0.6799221	-1.253702	-0.004833288	0.02923816	0.5642825	-15.98428	0.03511187	0
10.9	-0.9558879	-0.6799221	-1.200335	-0.002368311	0.02365309	0.5514252	-15.77606	-0.01068967	0
10.92	-0.9602647	-0.6799221	-1.219462	-0.001160472	0.01740721	0.5294186	-15.14956	0.01984469	0
10.94	-0.9386331	-0.6799221	-1.148163	-0.3078725	0.008289129	0.5118676	-14.59266	-0.04122403	0
10.96	-0.9343626	-0.6799221	-1.119612	-0.1508575	0.0002152026	0.4671435	-13.66755	0.01984469	0
10.98	-0.9224879	-0.6799221	-1.098044	-0.3812241	0.01048335	0.4776018	-13.56997	0.06564622	0
11	-0.9515111	-0.6799221	-1.227861	-0.1867998	0.05401284	0.5370665	-14.7435	0.05037905	0
11.02	-0.9221745	-0.6799221	-1.046854	-0.0915319	0.01623514	0.4805246	-13.75483	0.03511187	0
11.04	-0.945979	-0.6799221	-1.215151	-0.3521546	0.04542054	0.5349345	-14.53623	0.03511187	0
11.06	-0.9536824	-0.6799221	-1.230909	-0.1725557	0.04762912	0.5330895	-14.64185	0.004577507	0
11.08	-0.9604657	-0.6799221	-1.242076	-0.0845523	0.06089231	0.562735	-15.29086	0.01984469	0
11.1	-0.968629	-0.6799221	-1.257637	-0.04143063	0.07146882	0.5991756	-16.18781	0.01984469	0
11.12	-0.9656739	-0.6799221	-1.220663	-0.020301	0.05325647	0.5877573	-16.18185	-0.04122403	0
11.14	-0.9420689	-0.6799221	-1.081255	-0.009947492	0.02011737	0.5394984	-15.48274	0.004577507	0
11.16	-0.9429333	-0.6799221	-1.141531	-0.3121782	0.01109549	0.5270582	-14.99691	0.01984469	0
11.18	-0.9701942	-0.6799221	-1.268011	-0.1529673	0.05581756	0.5905417	-16.34	-0.02595685	0
11.2	-0.9509682	-0.6799221	-1.151783	-0.07495398	0.01842225	0.5348565	-15.29689	0.06564622	0
11.22	-0.9531147	-0.6799221	-1.221473	-0.3440313	0.01311082	0.5192555	-14.62686	-0.01068967	0
11.24	-0.9709217	-0.6799221	-1.292422	-0.1685753	0.06063223	0.5842203	-16.02037	0.004577507	0
11.26	-0.9524621	-0.6799221	-1.17046	-0.08260192	0.03267798	0.5498116	-15.47623	0.004577507	0
11.28	-0.9418347	-0.6799221	-1.105426	-0.04047494	0.01688784	0.5189798	-14.92194	0.05037905	0
